1000 10 30
1 10 68
2 10 37
3 10 59
4 10 69
5 10 52
6 10 25
7 10 28
8 10 60
9 10 28
10 10 69
11 10 19
12 10 40
13 10 13
14 10 92
15 10 2
16 10 10
17 10 77
18 10 22
19 10 25
20 10 51
21 10 5
22 10 27
23 10 4
24 10 30
25 10 29
26 10 98
27 10 29
28 10 24
29 10 41
30 10 85
31 10 81
32 10 20
33 10 27
34 10 38
35 10 17
36 10 50
37 10 25
38 10 24
39 10 14
40 10 86
41 10 78
42 10 74
43 10 39
44 10 35
45 10 73
46 10 35
47 10 11
48 10 42
49 10 71
50 10 15
51 10 68
52 10 14
53 10 51
54 10 18
55 10 73
56 10 28
57 10 74
58 10 85
59 10 76
60 10 55
61 10 35
62 10 65
63 10 97
64 10 50
65 10 5
66 10 75
67 10 28
68 10 2
69 10 85
70 10 23
71 10 81
72 10 87
73 10 65
74 10 80
75 10 29
76 10 9
77 10 64
78 10 22
79 10 69
80 10 47
81 10 27
82 10 37
83 10 17
84 10 81
85 10 36
86 10 25
87 10 32
88 10 81
89 10 20
90 10 57
91 10 4
92 10 95
93 10 78
94 10 46
95 10 96
96 10 47
97 10 54
98 10 44
99 10 15
100 10 84
101 10 19
102 10 37
103 10 24
104 10 42
105 10 83
106 10 46
107 10 68
108 10 88
109 10 8
110 10 87
111 10 64
112 10 32
113 10 45
114 10 92
115 10 76
116 10 97
117 10 34
118 10 91
119 10 80
120 10 23
121 10 29
122 10 69
123 10 98
124 10 79
125 10 93
126 10 32
127 10 80
128 10 21
129 10 60
130 10 69
131 10 96
132 10 84
133 10 21
134 10 39
135 10 26
136 10 98
137 10 51
138 10 15
139 10 32
140 10 89
141 10 64
142 10 65
143 10 79
144 10 79
145 10 51
146 10 90
147 10 59
148 10 39
149 10 58
150 10 3
151 10 25
152 10 99
153 10 22
154 10 43
155 10 52
156 10 19
157 10 33
158 10 29
159 10 35
160 10 33
161 10 2
162 10 98
163 10 96
164 10 40
165 10 95
166 10 31
167 10 34
168 10 1
169 10 17
170 10 19
171 10 89
172 10 42
173 10 59
174 10 41
175 10 86
176 10 6
177 10 53
178 10 32
179 10 30
180 10 1
181 10 85
182 10 21
183 10 48
184 10 32
185 10 66
186 10 49
187 10 68
188 10 2
189 10 89
190 10 33
191 10 99
192 10 21
193 10 79
194 10 33
195 10 52
196 10 96
197 10 68
198 10 50
199 10 9
200 10 89
201 10 5
202 10 70
203 10 20
204 10 56
205 10 4
206 10 21
207 10 55
208 10 80
209 10 57
210 10 1
211 10 69
212 10 29
213 10 30
214 10 29
215 10 57
216 10 50
217 10 6
218 10 75
219 10 60
220 10 65
221 10 89
222 10 45
223 10 34
224 10 95
225 10 89
226 10 61
227 10 82
228 10 2
229 10 1
230 10 52
231 10 95
232 10 89
233 10 91
234 10 45
235 10 20
236 10 31
237 10 85
238 10 22
239 10 39
240 10 86
241 10 94
242 10 42
243 10 15
244 10 30
245 10 11
246 10 18
247 10 51
248 10 23
249 10 23
250 10 17
251 10 90
252 10 19
253 10 54
254 10 18
255 10 7
256 10 59
257 10 38
258 10 56
259 10 11
260 10 35
261 10 13
262 10 46
263 10 49
264 10 61
265 10 58
266 10 91
267 10 34
268 10 2
269 10 29
270 10 36
271 10 93
272 10 56
273 10 65
274 10 66
275 10 21
276 10 72
277 10 65
278 10 5
279 10 32
280 10 41
281 10 21
282 10 5
283 10 4
284 10 36
285 10 94
286 10 11
287 10 2
288 10 75
289 10 36
290 10 22
291 10 77
292 10 32
293 10 71
294 10 80
295 10 7
296 10 14
297 10 16
298 10 38
299 10 8
300 10 5
301 10 29
302 10 82
303 10 55
304 10 31
305 10 55
306 10 32
307 10 65
308 10 42
309 10 33
310 10 36
311 10 8
312 10 61
313 10 6
314 10 27
315 10 78
316 10 64
317 10 98
318 10 52
319 10 20
320 10 98
321 10 71
322 10 14
323 10 76
324 10 26
325 10 27
326 10 65
327 10 30
328 10 98
329 10 88
330 10 64
331 10 78
332 10 11
333 10 32
334 10 19
335 10 23
336 10 69
337 10 24
338 10 43
339 10 5
340 10 52
341 10 5
342 10 53
343 10 91
344 10 43
345 10 9
346 10 86
347 10 11
348 10 35
349 10 16
350 10 95
351 10 68
352 10 2
353 10 44
354 10 36
355 10 90
356 10 81
357 10 8
358 10 99
359 10 13
360 10 55
361 10 81
362 10 41
363 10 35
364 10 25
365 10 36
366 10 97
367 10 97
368 10 18
369 10 68
370 10 54
371 10 27
372 10 62
373 10 29
374 10 14
375 10 25
376 10 2
377 10 12
378 10 39
379 10 32
380 10 91
381 10 18
382 10 15
383 10 43
384 10 24
385 10 91
386 10 85
387 10 72
388 10 62
389 10 2
390 10 45
391 10 10
392 10 44
393 10 57
394 10 17
395 10 44
396 10 92
397 10 36
398 10 44
399 10 54
400 10 13
401 10 85
402 10 17
403 10 99
404 10 80
405 10 86
406 10 66
407 10 4
408 10 72
409 10 94
410 10 39
411 10 32
412 10 92
413 10 15
414 10 33
415 10 23
416 10 67
417 10 60
418 10 32
419 10 42
420 10 96
421 10 11
422 10 35
423 10 48
424 10 40
425 10 70
426 10 9
427 10 56
428 10 17
429 10 67
430 10 29
431 10 14
432 10 74
433 10 80
434 10 72
435 10 24
436 10 15
437 10 43
438 10 75
439 10 80
440 10 88
441 10 32
442 10 88
443 10 67
444 10 39
445 10 9
446 10 46
447 10 11
448 10 86
449 10 82
450 10 12
451 10 62
452 10 93
453 10 56
454 10 84
455 10 17
456 10 52
457 10 29
458 10 58
459 10 96
460 10 49
461 10 24
462 10 61
463 10 41
464 10 65
465 10 74
466 10 84
467 10 22
468 10 16
469 10 16
470 10 30
471 10 14
472 10 33
473 10 75
474 10 2
475 10 95
476 10 3
477 10 91
478 10 29
479 10 2
480 10 28
481 10 81
482 10 22
483 10 28
484 10 20
485 10 61
486 10 47
487 10 27
488 10 81
489 10 53
490 10 55
491 10 52
492 10 20
493 10 79
494 10 18
495 10 24
496 10 99
497 10 18
498 10 24
499 10 69
500 10 56
501 10 39
502 10 20
503 10 78
504 10 4
505 10 66
506 10 19
507 10 95
508 10 58
509 10 48
510 10 82
511 10 93
512 10 51
513 10 46
514 10 53
515 10 26
516 10 12
517 10 45
518 10 32
519 10 98
520 10 27
521 10 77
522 10 87
523 10 4
524 10 37
525 10 20
526 10 41
527 10 23
528 10 49
529 10 96
530 10 91
531 10 89
532 10 16
533 10 74
534 10 42
535 10 53
536 10 30
537 10 67
538 10 8
539 10 66
540 10 32
541 10 92
542 10 76
543 10 29
544 10 6
545 10 50
546 10 26
547 10 43
548 10 32
549 10 78
550 10 18
551 10 52
552 10 7
553 10 94
554 10 53
555 10 33
556 10 34
557 10 60
558 10 44
559 10 10
560 10 78
561 10 30
562 10 42
563 10 99
564 10 52
565 10 14
566 10 98
567 10 38
568 10 85
569 10 65
570 10 12
571 10 24
572 10 52
573 10 25
574 10 58
575 10 87
576 10 40
577 10 82
578 10 61
579 10 62
580 10 10
581 10 45
582 10 63
583 10 34
584 10 93
585 10 68
586 10 86
587 10 25
588 10 55
589 10 88
590 10 1
591 10 1
592 10 80
593 10 20
594 10 32
595 10 8
596 10 92
597 10 19
598 10 87
599 10 31
600 10 48
601 10 39
602 10 7
603 10 91
604 10 91
605 10 15
606 10 26
607 10 30
608 10 39
609 10 19
610 10 43
611 10 6
612 10 86
613 10 92
614 10 39
615 10 24
616 10 39
617 10 59
618 10 54
619 10 81
620 10 23
621 10 95
622 10 73
623 10 21
624 10 39
625 10 80
626 10 51
627 10 34
628 10 71
629 10 54
630 10 85
631 10 86
632 10 30
633 10 64
634 10 70
635 10 6
636 10 37
637 10 30
638 10 15
639 10 31
640 10 41
641 10 21
642 10 59
643 10 4
644 10 63
645 10 43
646 10 65
647 10 13
648 10 14
649 10 23
650 10 68
651 10 34
652 10 52
653 10 69
654 10 95
655 10 49
656 10 76
657 10 80
658 10 46
659 10 39
660 10 29
661 10 21
662 10 71
663 10 7
664 10 60
665 10 1
666 10 61
667 10 95
668 10 37
669 10 19
670 10 68
671 10 27
672 10 90
673 10 38
674 10 17
675 10 25
676 10 91
677 10 91
678 10 22
679 10 23
680 10 53
681 10 91
682 10 67
683 10 93
684 10 20
685 10 13
686 10 6
687 10 86
688 10 80
689 10 26
690 10 54
691 10 73
692 10 57
693 10 57
694 10 36
695 10 49
696 10 20
697 10 86
698 10 69
699 10 64
700 10 83
701 10 68
702 10 91
703 10 98
704 10 87
705 10 55
706 10 84
707 10 68
708 10 22
709 10 30
710 10 17
711 10 65
712 10 83
713 10 16
714 10 59
715 10 54
716 10 75
717 10 52
718 10 77
719 10 64
720 10 27
721 10 27
722 10 65
723 10 47
724 10 13
725 10 67
726 10 39
727 10 4
728 10 1
729 10 12
730 10 91
731 10 39
732 10 25
733 10 59
734 10 27
735 10 98
736 10 18
737 10 85
738 10 16
739 10 3
740 10 22
741 10 67
742 10 85
743 10 13
744 10 27
745 10 31
746 10 82
747 10 33
748 10 57
749 10 99
750 10 96
751 10 78
752 10 9
753 10 51
754 10 75
755 10 95
756 10 12
757 10 16
758 10 31
759 10 50
760 10 6
761 10 67
762 10 23
763 10 75
764 10 54
765 10 17
766 10 46
767 10 7
768 10 18
769 10 95
770 10 19
771 10 60
772 10 89
773 10 71
774 10 25
775 10 13
776 10 82
777 10 33
778 10 22
779 10 25
780 10 85
781 10 76
782 10 86
783 10 32
784 10 22
785 10 52
786 10 82
787 10 8
788 10 2
789 10 35
790 10 51
791 10 5
792 10 33
793 10 45
794 10 20
795 10 81
796 10 51
797 10 45
798 10 1
799 10 35
800 10 32
801 10 86
802 10 99
803 10 93
804 10 31
805 10 89
806 10 37
807 10 22
808 10 37
809 10 86
810 10 1
811 10 8
812 10 75
813 10 9
814 10 42
815 10 26
816 10 55
817 10 5
818 10 2
819 10 64
820 10 91
821 10 71
822 10 30
823 10 66
824 10 78
825 10 49
826 10 36
827 10 44
828 10 51
829 10 51
830 10 2
831 10 69
832 10 12
833 10 55
834 10 67
835 10 74
836 10 15
837 10 85
838 10 8
839 10 5
840 10 83
841 10 74
842 10 88
843 10 48
844 10 12
845 10 88
846 10 53
847 10 37
848 10 59
849 10 38
850 10 28
851 10 25
852 10 48
853 10 94
854 10 53
855 10 70
856 10 68
857 10 96
858 10 36
859 10 53
860 10 2
861 10 34
862 10 93
863 10 89
864 10 60
865 10 82
866 10 56
867 10 52
868 10 56
869 10 18
870 10 58
871 10 63
872 10 64
873 10 18
874 10 55
875 10 15
876 10 94
877 10 54
878 10 64
879 10 90
880 10 53
881 10 5
882 10 48
883 10 53
884 10 92
885 10 48
886 10 51
887 10 21
888 10 51
889 10 76
890 10 1
891 10 11
892 10 93
893 10 9
894 10 62
895 10 32
896 10 59
897 10 80
898 10 89
899 10 41
900 10 42
901 10 38
902 10 56
903 10 21
904 10 21
905 10 5
906 10 76
907 10 20
908 10 78
909 10 71
910 10 64
911 10 70
912 10 77
913 10 41
914 10 54
915 10 19
916 10 89
917 10 27
918 10 91
919 10 62
920 10 89
921 10 8
922 10 90
923 10 35
924 10 39
925 10 6
926 10 59
927 10 28
928 10 20
929 10 32
930 10 26
931 10 23
932 10 59
933 10 61
934 10 83
935 10 80
936 10 14
937 10 96
938 10 48
939 10 96
940 10 74
941 10 62
942 10 34
943 10 59
944 10 60
945 10 44
946 10 8
947 10 88
948 10 8
949 10 27
950 10 66
951 10 49
952 10 53
953 10 22
954 10 15
955 10 60
956 10 10
957 10 7
958 10 14
959 10 2
960 10 56
961 10 22
962 10 2
963 10 7
964 10 43
965 10 51
966 10 40
967 10 3
968 10 86
969 10 36
970 10 2
971 10 4
972 10 29
973 10 28
974 10 9
975 10 95
976 10 60
977 10 88
978 10 84
979 10 77
980 10 73
981 10 14
982 10 22
983 10 20
984 10 80
985 10 15
986 10 91
987 10 12
988 10 1
989 10 63
990 10 97
991 10 2
992 10 83
993 10 92
994 10 97
995 10 27
996 10 31
997 10 49
998 10 53
999 10 76
1000 10 61
1 0 24
2 0 -55
3 0 -263
4 167602 -109
5 0 -195
6 0 287
7 0 697
8 0 97
9 0 -13
10 1076670 205
1 10 208 779 53 590 85 389 102 910 315 374 137 395 836 55 143 913 856 316 874 393 91 1 786
2 10 900 99 894 736 157 844 202 249 674 510 773 254 708 915 826 991 358 975 344 859 91 563 790 806 930 245 168 725 61 604 424 577 228 361 17 426 911 849 663 478 927 682 187 342 210 687 41 303 160 52 594 973 31 90 194 128 763 161 43 102 980 243 413 247 610 501 658 398 707 621 760 794 919 327 273 195 388 239 823 494 834 49 892 335 524 819 279 715 972 716 28 874 967 573 808
3 10 723 801 123 750 557 344 279 142 124 995 584 94 843 147 175 817 975 928 698 934 233 122 489 205 609 461 507 444 985 993 17 599 957 568 678 535 933 388 47 229 773 728 656 793 662 835 404 27 293 796 869 58 312 478 520 391 787 411 473 827 573 3 212 237 846 67
4 10 312 277 418 888 542 868 295 364 13 308 705 891 996 872 330 238 935 998 165 862 989 614 360 589 198 446 149 363 909 699 821 637 618 641 857 661 925 556 975 107 333 189 337 358 746 734 388 852 494 204 947 973 531 926 879 629 466 4 782 144 225 131 668 599 647 495 21
5 10 113 50 684 590 982 947 224 28 26 29 42 567 395 846 792 341 338 735 582 427 343 150 970 674 195 306 884 536 175 745 826 92 212 425 798 154 69 123 187 328 358 339 429 649 570 511 220 739 144 763 979 216 771 473 538
6 10 4 651 455 89 285 830 266 139 488 970 183 553 50 28 752 122 684 714 157 170 658 635 298 912 532 951 320 739 664 141 851 620 48 936 528 713 281 265 337 272 535 292 939 91 816 379
7 10 587 579 526 917 547 397 589 851 537 302 959 245 976 163 66 927 260 122 250 659 939 645 437 678 551 660 883 215 803 221 85 989 27 542 454 665 351 197 528 995 378 552 287 790 788 125 948 873 918 878 498 958 487 110 154 146 719 673 405 987 449 742 630 887 343 672 684 346 578 326 726 957 951 413 204 448 677 563 522 572 205 720 925 156 796 56 372 118
8 10 64 393 251 452 777 509 704 818 78 312 225 694 933 22 906 468 720 14 365 350 942 877 648 735 430
9 10 75 931 601 594 25 719 217 328 375 310 681 571 236 17 672 196 626 826 986 697 315 984 470 465 665 351 633 218 813 939 109 202 588 988 922 513 413 503 174 93 286 983 231 248 274 444 492 906 51 130 447 427 967 268
10 10 828 545 891 234 508 588 702 805 400 533 143 263 388 609 327 92 914 853 899 602 270 77 341 736 809 371 748 117 658 472 191 584 139 7 262 484 126 572 75
11 10 134 440 896 258 868 873 800 385 292 413 869 870 327 276 537 436 350 435 290 243 633 592 565 7 609 443 149 648 301 249 57 510 932 793 661 965 416 893 231 201 990 945 372 166 308 481 882 113 606 665 357 584 659 518 572 383 464 988 247 519 314 644 582 257 753 547 324 272 18 782 599 914 83 865 876 616 428 346 741 388 128 162 59 75 663 911 915 368 475 21 534 588 80 631 812 69 103 98 726
12 10 515 523 31 329 451 632 890
13 10 722 376 23 393 457 375 761 592 567 663 121 16 48 372 446 357 298 878 396 616 770 668 706 130 359 869 902 952 134 153 848 6 767 12 279 510
14 10 591 310 711 701 696 778 420 694 367 174 733 827 467 335 877 556 594 40 146 596 424 354 504 718 338 662 402 198 882 376 923 488 464 121 593 411 27 97
15 10 587 543 331 763 646 969
16 10 399 734 415 703 611 225 833 396 918 670 213 332 206 594 81 207 405 498 806 33 882 849 950 406 18 786 126 919 74
17 10 107 385 979 447 195 928 805 49 658 711 444 863 747 540 535 215 370 870 773 237 460 924 69 428 184 991 438 106 12 471 236 526 846 277 451 758 890 421 41 555 539 561 172 923 167 560 610 514 323 947 661 749 307 426 914 392 21 141 193 337 181 792 919 474 75 55 169 617 668 836 694 639 239 647 877 611 48 971 115 122 18 623 865 763 918 533 519 506 281 129 508 776 551 709 586 681
18 10 371 339 171 8 757 241 681 11 839 953 220 421 527 78 231 889 324 497 695 409 80 518 431 63 896 413 31 495 601 677 668 678 585 760 323 212 67 18 762 899 654 363 30 626 120 115 747 390 98 271 351 49 858 970 257 215 283 84 578 538 239 902 197 630 800 721 925 227 217 731 799 402 508 861 643 299 620 808 548 994 170 564 502 385
19 10 511 82 378 28 661 592 639 174 374 185 407 42 626 291 50 750 25 599 616 296 169 233 840 778 11 214 581 944 793 561 389 157 866 12 36 610 846 395 724 24 455 572 867 737 858 398 549 423 645 317 513 675 603 130 516 356 622 93 877 831 353 223 148 206
20 10 585 878 925 881 705 467 255 59 317 241 60 361 336 706 81 740 865 888 320 256 502 234 177 893 634 188 305 328 525 128 606 232 552 844 236 246 296 631 646 905 214 741 794 148 523 472 68 440 994 988 428 107 437 109 180 770 418 62 883 385 908 793 567 916 892 501 603 765 195 145 775 279
21 10 510 705 825 885 209 474 398 223 745 405 737 957 517 414 765 891 206 557 460 978 755 315 257 944 989 15 625 794 401 883 648 53 859 325 95
22 10 621 105 893 252 678 950 124 834 461 639 16 727 897 776 61 839 997 235 724 495 485 266 462
23 10 644 159 510 119 165 276 447 819 852 805 771 440 243 429 203 923 234 647 697 905 108 986 176 508 413 768 820 168 219 539 18 542 783 528 573 943 834 629 620 228 205 712 430 436 375 578 416 214 990 438 16 743 538 781 330 831 811 747 308 885 696 79 853 751 461 617 145 778 894 902 564 233 685 292 846 80 244 825 708 167 881 754 506 640 74 67 338 795
24 10 364 22 542 475 527 923 12 814 241 243 954 953 534 704 521 940 648 807 160 110 354 355 268 480 887 446 549 593 802 181 331 50 340 29 81 379 287 101 369 636 671 867 36 913 645 598 247 917 892 524 513 595 860 514 464 253 569 852 656 17 200 42
25 10 207 441 636 529 65 444 936 472 88 694 658 923 955 804 720 33 575 774 238 416 432 690 789 980 750 794 80 559 830 295 94 962 369 904 542 728 918 464 995 784 512 475 186 334 635 465 375 265 871 622 652 132 127 605 396 999 288 137 247 679 543 588 30 14
26 10 264 224 939 835 318 954 364 442 952 273 563 564 503 897 259 284 301 172 102 697 574 901 475 750 566 451 59 524 744 502 511 132 930 15 641 43 720 776 974 358 554 57 98 851 409 420 40 380 125 92 943 727 235 612 71 676 447 771 688 973 490 839 686 274 904 403 28 374 445 985 456 292 150 267 161 505 717 227 674 559 454 230 108 712 426 671 768 226 185 513 8 987 33 920 584 792 848 689
27 10 821 571 506 158 567 873 505 591 333
28 10 48 733 72 949 761 95 389 116 73 538 406 719 33 849 888 986 441 774 241 876 365
29 10 623 172 501 271 991 719 974 438 929 588 364 938 282 352 351 677 847 781 802 650 45 463 982 33 969 213 793 105 990 653 492 996 589 195 145 175 358 469 755 803 115 156 255 384 946 193 727 174 387 760 791 975 278 574 998 773 891 157 300 59 625 507 633 943 363 854 485 783 704 960 541
30 10 923 348 167 771 277 52 392 595 475 290 304 32 954 581 962 215 974 664 351 626 750 373 220 372 317 196 965 995 936 633 50 764 84 155 361 144 322 822 38 615 73 60 16 526 202 86 455 715 178 211 492 93 560 701 162 906 955 338 973 579 716 241 432 727 176 28 273 222 327 742 844 387 618 975 914 554 253 354 672 675 681 543 447 990 305 412 773 623 377 809
