2000 20 40
1 20 75
2 20 34
3 20 39
4 20 29
5 20 47
6 20 99
7 20 71
8 20 6
9 20 56
10 20 8
11 20 14
12 20 62
13 20 44
14 20 64
15 20 38
16 20 73
17 20 48
18 20 11
19 20 37
20 20 73
21 20 66
22 20 32
23 20 57
24 20 81
25 20 96
26 20 63
27 20 89
28 20 48
29 20 57
30 20 59
31 20 88
32 20 82
33 20 58
34 20 9
35 20 13
36 20 70
37 20 72
38 20 79
39 20 84
40 20 31
41 20 12
42 20 12
43 20 66
44 20 80
45 20 95
46 20 35
47 20 41
48 20 50
49 20 57
50 20 81
51 20 90
52 20 66
53 20 54
54 20 61
55 20 78
56 20 98
57 20 56
58 20 7
59 20 91
60 20 18
61 20 35
62 20 31
63 20 44
64 20 48
65 20 53
66 20 42
67 20 65
68 20 56
69 20 26
70 20 48
71 20 76
72 20 7
73 20 17
74 20 88
75 20 5
76 20 27
77 20 80
78 20 24
79 20 76
80 20 43
81 20 9
82 20 58
83 20 75
84 20 84
85 20 7
86 20 35
87 20 89
88 20 77
89 20 63
90 20 55
91 20 60
92 20 71
93 20 44
94 20 69
95 20 69
96 20 24
97 20 4
98 20 35
99 20 55
100 20 5
101 20 32
102 20 86
103 20 96
104 20 37
105 20 89
106 20 32
107 20 90
108 20 28
109 20 67
110 20 46
111 20 72
112 20 32
113 20 24
114 20 25
115 20 3
116 20 96
117 20 57
118 20 41
119 20 73
120 20 80
121 20 93
122 20 63
123 20 47
124 20 40
125 20 38
126 20 44
127 20 46
128 20 76
129 20 62
130 20 35
131 20 61
132 20 87
133 20 21
134 20 66
135 20 61
136 20 8
137 20 5
138 20 7
139 20 30
140 20 98
141 20 84
142 20 43
143 20 71
144 20 28
145 20 22
146 20 65
147 20 62
148 20 79
149 20 60
150 20 41
151 20 47
152 20 37
153 20 25
154 20 23
155 20 39
156 20 6
157 20 74
158 20 97
159 20 43
160 20 61
161 20 95
162 20 98
163 20 18
164 20 86
165 20 18
166 20 45
167 20 94
168 20 61
169 20 51
170 20 84
171 20 67
172 20 46
173 20 58
174 20 21
175 20 12
176 20 51
177 20 65
178 20 32
179 20 70
180 20 22
181 20 28
182 20 46
183 20 27
184 20 92
185 20 71
186 20 35
187 20 7
188 20 90
189 20 93
190 20 18
191 20 83
192 20 75
193 20 44
194 20 86
195 20 29
196 20 73
197 20 64
198 20 66
199 20 97
200 20 65
201 20 40
202 20 56
203 20 81
204 20 45
205 20 99
206 20 78
207 20 6
208 20 32
209 20 35
210 20 39
211 20 18
212 20 96
213 20 34
214 20 16
215 20 15
216 20 80
217 20 27
218 20 71
219 20 97
220 20 8
221 20 87
222 20 16
223 20 28
224 20 45
225 20 36
226 20 40
227 20 85
228 20 32
229 20 27
230 20 36
231 20 29
232 20 76
233 20 3
234 20 69
235 20 33
236 20 57
237 20 75
238 20 52
239 20 18
240 20 51
241 20 41
242 20 76
243 20 46
244 20 70
245 20 9
246 20 7
247 20 93
248 20 12
249 20 6
250 20 86
251 20 39
252 20 21
253 20 7
254 20 51
255 20 97
256 20 46
257 20 52
258 20 13
259 20 17
260 20 12
261 20 67
262 20 54
263 20 35
264 20 73
265 20 78
266 20 12
267 20 22
268 20 9
269 20 81
270 20 47
271 20 19
272 20 54
273 20 14
274 20 88
275 20 67
276 20 35
277 20 5
278 20 31
279 20 65
280 20 38
281 20 84
282 20 71
283 20 92
284 20 65
285 20 40
286 20 86
287 20 32
288 20 5
289 20 88
290 20 11
291 20 74
292 20 76
293 20 34
294 20 98
295 20 87
296 20 16
297 20 3
298 20 27
299 20 49
300 20 98
301 20 13
302 20 82
303 20 98
304 20 83
305 20 83
306 20 45
307 20 69
308 20 39
309 20 53
310 20 96
311 20 45
312 20 96
313 20 14
314 20 40
315 20 71
316 20 99
317 20 66
318 20 72
319 20 37
320 20 62
321 20 96
322 20 93
323 20 11
324 20 18
325 20 57
326 20 59
327 20 43
328 20 72
329 20 69
330 20 13
331 20 40
332 20 12
333 20 35
334 20 55
335 20 41
336 20 20
337 20 58
338 20 94
339 20 32
340 20 40
341 20 11
342 20 6
343 20 89
344 20 29
345 20 10
346 20 41
347 20 50
348 20 86
349 20 6
350 20 46
351 20 93
352 20 98
353 20 21
354 20 52
355 20 70
356 20 99
357 20 18
358 20 38
359 20 61
360 20 51
361 20 60
362 20 45
363 20 84
364 20 10
365 20 21
366 20 93
367 20 37
368 20 35
369 20 58
370 20 3
371 20 52
372 20 28
373 20 22
374 20 74
375 20 41
376 20 85
377 20 68
378 20 54
379 20 24
380 20 68
381 20 9
382 20 7
383 20 30
384 20 95
385 20 51
386 20 87
387 20 23
388 20 63
389 20 7
390 20 64
391 20 9
392 20 94
393 20 45
394 20 22
395 20 6
396 20 1
397 20 83
398 20 72
399 20 73
400 20 39
401 20 76
402 20 28
403 20 98
404 20 89
405 20 67
406 20 8
407 20 65
408 20 58
409 20 31
410 20 74
411 20 34
412 20 54
413 20 62
414 20 19
415 20 19
416 20 67
417 20 19
418 20 60
419 20 93
420 20 83
421 20 79
422 20 75
423 20 27
424 20 92
425 20 66
426 20 38
427 20 22
428 20 58
429 20 46
430 20 10
431 20 76
432 20 70
433 20 63
434 20 74
435 20 94
436 20 65
437 20 4
438 20 58
439 20 52
440 20 56
441 20 37
442 20 10
443 20 40
444 20 70
445 20 34
446 20 92
447 20 36
448 20 78
449 20 9
450 20 17
451 20 80
452 20 19
453 20 67
454 20 66
455 20 59
456 20 84
457 20 41
458 20 18
459 20 1
460 20 31
461 20 81
462 20 93
463 20 94
464 20 84
465 20 37
466 20 69
467 20 61
468 20 78
469 20 97
470 20 43
471 20 7
472 20 43
473 20 97
474 20 29
475 20 5
476 20 22
477 20 67
478 20 82
479 20 22
480 20 71
481 20 15
482 20 83
483 20 81
484 20 4
485 20 1
486 20 89
487 20 26
488 20 23
489 20 92
490 20 1
491 20 47
492 20 4
493 20 28
494 20 8
495 20 26
496 20 10
497 20 62
498 20 34
499 20 19
500 20 77
501 20 74
502 20 43
503 20 17
504 20 42
505 20 85
506 20 38
507 20 15
508 20 66
509 20 39
510 20 45
511 20 86
512 20 26
513 20 54
514 20 98
515 20 34
516 20 97
517 20 58
518 20 67
519 20 20
520 20 94
521 20 67
522 20 9
523 20 88
524 20 99
525 20 45
526 20 24
527 20 28
528 20 27
529 20 9
530 20 60
531 20 2
532 20 76
533 20 79
534 20 14
535 20 82
536 20 15
537 20 19
538 20 10
539 20 54
540 20 59
541 20 9
542 20 64
543 20 4
544 20 85
545 20 32
546 20 76
547 20 55
548 20 71
549 20 51
550 20 58
551 20 47
552 20 27
553 20 18
554 20 74
555 20 70
556 20 13
557 20 92
558 20 41
559 20 4
560 20 57
561 20 41
562 20 36
563 20 93
564 20 51
565 20 28
566 20 78
567 20 91
568 20 8
569 20 91
570 20 36
571 20 69
572 20 11
573 20 69
574 20 63
575 20 23
576 20 63
577 20 66
578 20 60
579 20 25
580 20 57
581 20 3
582 20 29
583 20 71
584 20 74
585 20 14
586 20 24
587 20 53
588 20 84
589 20 92
590 20 21
591 20 4
592 20 80
593 20 38
594 20 23
595 20 51
596 20 26
597 20 18
598 20 6
599 20 73
600 20 10
601 20 56
602 20 36
603 20 78
604 20 28
605 20 60
606 20 24
607 20 66
608 20 82
609 20 56
610 20 54
611 20 22
612 20 88
613 20 81
614 20 10
615 20 49
616 20 29
617 20 57
618 20 85
619 20 32
620 20 98
621 20 44
622 20 50
623 20 53
624 20 74
625 20 31
626 20 4
627 20 45
628 20 87
629 20 21
630 20 26
631 20 18
632 20 89
633 20 96
634 20 88
635 20 44
636 20 27
637 20 75
638 20 35
639 20 16
640 20 52
641 20 76
642 20 69
643 20 44
644 20 86
645 20 8
646 20 70
647 20 28
648 20 63
649 20 11
650 20 7
651 20 68
652 20 87
653 20 39
654 20 89
655 20 97
656 20 53
657 20 98
658 20 84
659 20 34
660 20 68
661 20 4
662 20 52
663 20 4
664 20 96
665 20 96
666 20 58
667 20 90
668 20 42
669 20 33
670 20 58
671 20 90
672 20 93
673 20 94
674 20 37
675 20 92
676 20 3
677 20 93
678 20 58
679 20 46
680 20 30
681 20 1
682 20 7
683 20 12
684 20 27
685 20 93
686 20 58
687 20 94
688 20 67
689 20 17
690 20 4
691 20 39
692 20 54
693 20 2
694 20 51
695 20 87
696 20 68
697 20 96
698 20 65
699 20 71
700 20 10
701 20 51
702 20 79
703 20 3
704 20 84
705 20 51
706 20 92
707 20 29
708 20 31
709 20 27
710 20 83
711 20 53
712 20 18
713 20 6
714 20 31
715 20 73
716 20 84
717 20 95
718 20 74
719 20 63
720 20 98
721 20 11
722 20 85
723 20 39
724 20 21
725 20 6
726 20 65
727 20 5
728 20 35
729 20 89
730 20 88
731 20 72
732 20 65
733 20 61
734 20 42
735 20 29
736 20 40
737 20 71
738 20 29
739 20 91
740 20 45
741 20 46
742 20 42
743 20 81
744 20 94
745 20 85
746 20 83
747 20 10
748 20 5
749 20 61
750 20 25
751 20 87
752 20 1
753 20 8
754 20 82
755 20 8
756 20 8
757 20 3
758 20 43
759 20 55
760 20 84
761 20 95
762 20 18
763 20 91
764 20 78
765 20 2
766 20 55
767 20 32
768 20 76
769 20 60
770 20 76
771 20 79
772 20 50
773 20 80
774 20 4
775 20 68
776 20 79
777 20 29
778 20 72
779 20 41
780 20 93
781 20 42
782 20 88
783 20 49
784 20 96
785 20 54
786 20 85
787 20 77
788 20 87
789 20 27
790 20 95
791 20 54
792 20 70
793 20 6
794 20 75
795 20 19
796 20 44
797 20 67
798 20 72
799 20 98
800 20 44
801 20 38
802 20 24
803 20 40
804 20 91
805 20 96
806 20 66
807 20 15
808 20 47
809 20 49
810 20 85
811 20 11
812 20 24
813 20 62
814 20 88
815 20 41
816 20 21
817 20 72
818 20 36
819 20 29
820 20 37
821 20 75
822 20 40
823 20 11
824 20 86
825 20 35
826 20 71
827 20 2
828 20 45
829 20 54
830 20 68
831 20 12
832 20 52
833 20 13
834 20 77
835 20 45
836 20 3
837 20 16
838 20 73
839 20 8
840 20 38
841 20 73
842 20 34
843 20 9
844 20 2
845 20 42
846 20 8
847 20 38
848 20 17
849 20 8
850 20 64
851 20 40
852 20 77
853 20 87
854 20 8
855 20 25
856 20 8
857 20 12
858 20 1
859 20 17
860 20 6
861 20 86
862 20 33
863 20 66
864 20 37
865 20 3
866 20 30
867 20 66
868 20 5
869 20 15
870 20 95
871 20 30
872 20 71
873 20 72
874 20 18
875 20 20
876 20 99
877 20 43
878 20 90
879 20 52
880 20 74
881 20 82
882 20 53
883 20 2
884 20 70
885 20 61
886 20 64
887 20 30
888 20 57
889 20 72
890 20 39
891 20 74
892 20 3
893 20 4
894 20 72
895 20 32
896 20 66
897 20 37
898 20 52
899 20 70
900 20 96
901 20 43
902 20 99
903 20 84
904 20 81
905 20 49
906 20 57
907 20 32
908 20 16
909 20 49
910 20 61
911 20 70
912 20 70
913 20 44
914 20 56
915 20 84
916 20 31
917 20 91
918 20 11
919 20 76
920 20 48
921 20 61
922 20 88
923 20 23
924 20 92
925 20 3
926 20 73
927 20 87
928 20 70
929 20 80
930 20 24
931 20 11
932 20 56
933 20 82
934 20 27
935 20 27
936 20 62
937 20 12
938 20 32
939 20 34
940 20 58
941 20 58
942 20 34
943 20 85
944 20 50
945 20 91
946 20 87
947 20 58
948 20 87
949 20 25
950 20 69
951 20 30
952 20 33
953 20 6
954 20 82
955 20 80
956 20 31
957 20 49
958 20 82
959 20 61
960 20 50
961 20 96
962 20 60
963 20 30
964 20 92
965 20 85
966 20 6
967 20 36
968 20 19
969 20 77
970 20 71
971 20 51
972 20 4
973 20 75
974 20 16
975 20 23
976 20 42
977 20 14
978 20 8
979 20 35
980 20 21
981 20 24
982 20 37
983 20 77
984 20 86
985 20 57
986 20 60
987 20 19
988 20 43
989 20 58
990 20 55
991 20 5
992 20 86
993 20 4
994 20 94
995 20 52
996 20 72
997 20 34
998 20 69
999 20 50
1000 20 12
1001 20 4
1002 20 96
1003 20 58
1004 20 6
1005 20 2
1006 20 47
1007 20 66
1008 20 87
1009 20 53
1010 20 84
1011 20 2
1012 20 49
1013 20 45
1014 20 97
1015 20 50
1016 20 89
1017 20 32
1018 20 28
1019 20 56
1020 20 96
1021 20 4
1022 20 12
1023 20 75
1024 20 38
1025 20 66
1026 20 13
1027 20 34
1028 20 7
1029 20 53
1030 20 45
1031 20 26
1032 20 16
1033 20 2
1034 20 4
1035 20 11
1036 20 70
1037 20 95
1038 20 96
1039 20 26
1040 20 58
1041 20 88
1042 20 97
1043 20 82
1044 20 91
1045 20 5
1046 20 17
1047 20 1
1048 20 55
1049 20 81
1050 20 13
1051 20 8
1052 20 32
1053 20 19
1054 20 79
1055 20 19
1056 20 52
1057 20 50
1058 20 76
1059 20 48
1060 20 60
1061 20 7
1062 20 91
1063 20 77
1064 20 8
1065 20 3
1066 20 26
1067 20 98
1068 20 64
1069 20 46
1070 20 10
1071 20 14
1072 20 57
1073 20 32
1074 20 80
1075 20 10
1076 20 80
1077 20 36
1078 20 19
1079 20 44
1080 20 41
1081 20 11
1082 20 74
1083 20 4
1084 20 75
1085 20 74
1086 20 26
1087 20 98
1088 20 43
1089 20 15
1090 20 47
1091 20 41
1092 20 27
1093 20 66
1094 20 47
1095 20 66
1096 20 73
1097 20 77
1098 20 89
1099 20 40
1100 20 66
1101 20 15
1102 20 96
1103 20 2
1104 20 73
1105 20 60
1106 20 33
1107 20 74
1108 20 84
1109 20 10
1110 20 71
1111 20 7
1112 20 1
1113 20 19
1114 20 72
1115 20 22
1116 20 45
1117 20 66
1118 20 77
1119 20 96
1120 20 7
1121 20 82
1122 20 77
1123 20 59
1124 20 85
1125 20 30
1126 20 70
1127 20 98
1128 20 22
1129 20 64
1130 20 81
1131 20 24
1132 20 92
1133 20 39
1134 20 69
1135 20 95
1136 20 36
1137 20 26
1138 20 93
1139 20 3
1140 20 33
1141 20 88
1142 20 35
1143 20 21
1144 20 70
1145 20 61
1146 20 58
1147 20 58
1148 20 69
1149 20 59
1150 20 85
1151 20 64
1152 20 86
1153 20 31
1154 20 81
1155 20 33
1156 20 37
1157 20 62
1158 20 55
1159 20 13
1160 20 47
1161 20 93
1162 20 60
1163 20 64
1164 20 48
1165 20 98
1166 20 58
1167 20 26
1168 20 45
1169 20 26
1170 20 53
1171 20 71
1172 20 64
1173 20 5
1174 20 45
1175 20 72
1176 20 34
1177 20 91
1178 20 76
1179 20 96
1180 20 92
1181 20 18
1182 20 42
1183 20 52
1184 20 38
1185 20 79
1186 20 89
1187 20 69
1188 20 50
1189 20 40
1190 20 70
1191 20 39
1192 20 33
1193 20 1
1194 20 71
1195 20 47
1196 20 92
1197 20 60
1198 20 42
1199 20 18
1200 20 73
1201 20 41
1202 20 44
1203 20 90
1204 20 99
1205 20 38
1206 20 87
1207 20 11
1208 20 30
1209 20 18
1210 20 57
1211 20 72
1212 20 98
1213 20 21
1214 20 66
1215 20 15
1216 20 82
1217 20 19
1218 20 11
1219 20 12
1220 20 2
1221 20 19
1222 20 47
1223 20 16
1224 20 34
1225 20 2
1226 20 88
1227 20 36
1228 20 67
1229 20 44
1230 20 33
1231 20 5
1232 20 39
1233 20 24
1234 20 52
1235 20 13
1236 20 96
1237 20 9
1238 20 66
1239 20 39
1240 20 29
1241 20 14
1242 20 78
1243 20 80
1244 20 31
1245 20 4
1246 20 58
1247 20 37
1248 20 49
1249 20 50
1250 20 93
1251 20 38
1252 20 5
1253 20 12
1254 20 59
1255 20 18
1256 20 6
1257 20 69
1258 20 42
1259 20 43
1260 20 6
1261 20 94
1262 20 54
1263 20 97
1264 20 46
1265 20 60
1266 20 85
1267 20 2
1268 20 9
1269 20 29
1270 20 75
1271 20 35
1272 20 33
1273 20 70
1274 20 69
1275 20 15
1276 20 23
1277 20 96
1278 20 98
1279 20 70
1280 20 82
1281 20 16
1282 20 95
1283 20 32
1284 20 74
1285 20 55
1286 20 95
1287 20 79
1288 20 9
1289 20 21
1290 20 28
1291 20 97
1292 20 64
1293 20 83
1294 20 22
1295 20 51
1296 20 41
1297 20 52
1298 20 38
1299 20 79
1300 20 54
1301 20 44
1302 20 95
1303 20 89
1304 20 61
1305 20 85
1306 20 73
1307 20 14
1308 20 38
1309 20 24
1310 20 29
1311 20 85
1312 20 43
1313 20 7
1314 20 5
1315 20 81
1316 20 96
1317 20 39
1318 20 54
1319 20 78
1320 20 46
1321 20 74
1322 20 17
1323 20 1
1324 20 80
1325 20 99
1326 20 31
1327 20 14
1328 20 73
1329 20 16
1330 20 82
1331 20 28
1332 20 7
1333 20 95
1334 20 25
1335 20 47
1336 20 43
1337 20 26
1338 20 82
1339 20 77
1340 20 34
1341 20 47
1342 20 23
1343 20 89
1344 20 84
1345 20 27
1346 20 33
1347 20 40
1348 20 84
1349 20 32
1350 20 87
1351 20 16
1352 20 53
1353 20 28
1354 20 88
1355 20 34
1356 20 22
1357 20 32
1358 20 83
1359 20 82
1360 20 62
1361 20 92
1362 20 87
1363 20 20
1364 20 42
1365 20 31
1366 20 54
1367 20 44
1368 20 79
1369 20 17
1370 20 68
1371 20 97
1372 20 64
1373 20 51
1374 20 47
1375 20 78
1376 20 74
1377 20 86
1378 20 54
1379 20 76
1380 20 8
1381 20 69
1382 20 39
1383 20 10
1384 20 73
1385 20 45
1386 20 65
1387 20 12
1388 20 27
1389 20 38
1390 20 6
1391 20 99
1392 20 95
1393 20 69
1394 20 25
1395 20 4
1396 20 25
1397 20 82
1398 20 42
1399 20 4
1400 20 9
1401 20 5
1402 20 81
1403 20 59
1404 20 94
1405 20 13
1406 20 49
1407 20 11
1408 20 26
1409 20 39
1410 20 21
1411 20 81
1412 20 43
1413 20 81
1414 20 19
1415 20 81
1416 20 11
1417 20 67
1418 20 78
1419 20 21
1420 20 82
1421 20 32
1422 20 21
1423 20 67
1424 20 17
1425 20 42
1426 20 29
1427 20 17
1428 20 57
1429 20 78
1430 20 87
1431 20 64
1432 20 53
1433 20 22
1434 20 81
1435 20 37
1436 20 1
1437 20 37
1438 20 41
1439 20 60
1440 20 60
1441 20 65
1442 20 65
1443 20 83
1444 20 54
1445 20 36
1446 20 62
1447 20 75
1448 20 2
1449 20 13
1450 20 20
1451 20 69
1452 20 7
1453 20 97
1454 20 6
1455 20 16
1456 20 44
1457 20 44
1458 20 83
1459 20 27
1460 20 15
1461 20 21
1462 20 32
1463 20 64
1464 20 5
1465 20 65
1466 20 77
1467 20 93
1468 20 45
1469 20 56
1470 20 7
1471 20 92
1472 20 4
1473 20 36
1474 20 76
1475 20 41
1476 20 47
1477 20 87
1478 20 20
1479 20 82
1480 20 4
1481 20 89
1482 20 86
1483 20 61
1484 20 79
1485 20 73
1486 20 98
1487 20 49
1488 20 11
1489 20 39
1490 20 92
1491 20 66
1492 20 57
1493 20 98
1494 20 88
1495 20 99
1496 20 84
1497 20 29
1498 20 70
1499 20 29
1500 20 57
1501 20 7
1502 20 88
1503 20 74
1504 20 69
1505 20 34
1506 20 13
1507 20 11
1508 20 45
1509 20 49
1510 20 71
1511 20 30
1512 20 2
1513 20 91
1514 20 15
1515 20 74
1516 20 64
1517 20 90
1518 20 41
1519 20 37
1520 20 30
1521 20 11
1522 20 10
1523 20 32
1524 20 99
1525 20 16
1526 20 88
1527 20 14
1528 20 77
1529 20 43
1530 20 50
1531 20 28
1532 20 21
1533 20 14
1534 20 50
1535 20 80
1536 20 35
1537 20 30
1538 20 18
1539 20 87
1540 20 55
1541 20 11
1542 20 44
1543 20 84
1544 20 59
1545 20 2
1546 20 4
1547 20 58
1548 20 89
1549 20 92
1550 20 33
1551 20 69
1552 20 96
1553 20 35
1554 20 63
1555 20 29
1556 20 53
1557 20 98
1558 20 5
1559 20 17
1560 20 35
1561 20 9
1562 20 84
1563 20 33
1564 20 15
1565 20 37
1566 20 4
1567 20 46
1568 20 42
1569 20 30
1570 20 2
1571 20 52
1572 20 22
1573 20 25
1574 20 68
1575 20 57
1576 20 84
1577 20 5
1578 20 7
1579 20 44
1580 20 8
1581 20 40
1582 20 62
1583 20 13
1584 20 30
1585 20 76
1586 20 79
1587 20 2
1588 20 38
1589 20 44
1590 20 94
1591 20 38
1592 20 80
1593 20 99
1594 20 99
1595 20 40
1596 20 85
1597 20 71
1598 20 34
1599 20 92
1600 20 93
1601 20 67
1602 20 82
1603 20 67
1604 20 59
1605 20 81
1606 20 32
1607 20 47
1608 20 24
1609 20 15
1610 20 52
1611 20 71
1612 20 89
1613 20 77
1614 20 33
1615 20 35
1616 20 70
1617 20 34
1618 20 64
1619 20 53
1620 20 52
1621 20 38
1622 20 53
1623 20 18
1624 20 51
1625 20 53
1626 20 99
1627 20 1
1628 20 82
1629 20 39
1630 20 3
1631 20 49
1632 20 43
1633 20 93
1634 20 62
1635 20 56
1636 20 57
1637 20 63
1638 20 26
1639 20 42
1640 20 87
1641 20 45
1642 20 52
1643 20 1
1644 20 10
1645 20 27
1646 20 26
1647 20 10
1648 20 22
1649 20 45
1650 20 55
1651 20 37
1652 20 3
1653 20 88
1654 20 81
1655 20 1
1656 20 17
1657 20 41
1658 20 80
1659 20 56
1660 20 85
1661 20 64
1662 20 39
1663 20 73
1664 20 35
1665 20 70
1666 20 40
1667 20 3
1668 20 2
1669 20 19
1670 20 31
1671 20 78
1672 20 98
1673 20 89
1674 20 38
1675 20 95
1676 20 39
1677 20 49
1678 20 5
1679 20 67
1680 20 62
1681 20 46
1682 20 72
1683 20 19
1684 20 82
1685 20 24
1686 20 56
1687 20 17
1688 20 10
1689 20 83
1690 20 82
1691 20 39
1692 20 72
1693 20 97
1694 20 28
1695 20 14
1696 20 77
1697 20 36
1698 20 35
1699 20 64
1700 20 6
1701 20 62
1702 20 17
1703 20 95
1704 20 23
1705 20 41
1706 20 10
1707 20 33
1708 20 44
1709 20 21
1710 20 35
1711 20 98
1712 20 50
1713 20 36
1714 20 79
1715 20 7
1716 20 31
1717 20 44
1718 20 84
1719 20 34
1720 20 90
1721 20 99
1722 20 16
1723 20 48
1724 20 25
1725 20 36
1726 20 62
1727 20 32
1728 20 70
1729 20 61
1730 20 78
1731 20 12
1732 20 72
1733 20 90
1734 20 72
1735 20 78
1736 20 24
1737 20 86
1738 20 25
1739 20 64
1740 20 42
1741 20 48
1742 20 67
1743 20 83
1744 20 5
1745 20 9
1746 20 52
1747 20 8
1748 20 53
1749 20 55
1750 20 62
1751 20 27
1752 20 44
1753 20 35
1754 20 92
1755 20 58
1756 20 26
1757 20 4
1758 20 44
1759 20 79
1760 20 70
1761 20 78
1762 20 55
1763 20 64
1764 20 32
1765 20 25
1766 20 95
1767 20 23
1768 20 97
1769 20 27
1770 20 16
1771 20 7
1772 20 41
1773 20 64
1774 20 11
1775 20 77
1776 20 68
1777 20 58
1778 20 76
1779 20 26
1780 20 92
1781 20 97
1782 20 28
1783 20 2
1784 20 39
1785 20 33
1786 20 21
1787 20 33
1788 20 74
1789 20 53
1790 20 38
1791 20 72
1792 20 71
1793 20 80
1794 20 54
1795 20 20
1796 20 21
1797 20 22
1798 20 72
1799 20 38
1800 20 71
1801 20 3
1802 20 61
1803 20 82
1804 20 64
1805 20 97
1806 20 34
1807 20 73
1808 20 8
1809 20 6
1810 20 69
1811 20 21
1812 20 50
1813 20 8
1814 20 73
1815 20 58
1816 20 14
1817 20 14
1818 20 38
1819 20 26
1820 20 80
1821 20 38
1822 20 63
1823 20 56
1824 20 4
1825 20 63
1826 20 88
1827 20 58
1828 20 64
1829 20 81
1830 20 56
1831 20 42
1832 20 84
1833 20 75
1834 20 48
1835 20 11
1836 20 66
1837 20 77
1838 20 4
1839 20 65
1840 20 43
1841 20 73
1842 20 36
1843 20 8
1844 20 62
1845 20 74
1846 20 53
1847 20 47
1848 20 26
1849 20 84
1850 20 4
1851 20 36
1852 20 35
1853 20 16
1854 20 32
1855 20 72
1856 20 52
1857 20 58
1858 20 94
1859 20 58
1860 20 11
1861 20 24
1862 20 4
1863 20 65
1864 20 36
1865 20 52
1866 20 68
1867 20 20
1868 20 38
1869 20 89
1870 20 11
1871 20 36
1872 20 21
1873 20 66
1874 20 66
1875 20 24
1876 20 72
1877 20 34
1878 20 95
1879 20 64
1880 20 43
1881 20 57
1882 20 49
1883 20 59
1884 20 8
1885 20 98
1886 20 17
1887 20 69
1888 20 41
1889 20 55
1890 20 80
1891 20 32
1892 20 40
1893 20 26
1894 20 70
1895 20 71
1896 20 28
1897 20 95
1898 20 26
1899 20 89
1900 20 58
1901 20 45
1902 20 97
1903 20 43
1904 20 72
1905 20 65
1906 20 6
1907 20 86
1908 20 30
1909 20 26
1910 20 73
1911 20 25
1912 20 39
1913 20 65
1914 20 80
1915 20 14
1916 20 88
1917 20 44
1918 20 77
1919 20 1
1920 20 47
1921 20 72
1922 20 12
1923 20 23
1924 20 36
1925 20 75
1926 20 3
1927 20 46
1928 20 78
1929 20 37
1930 20 66
1931 20 31
1932 20 64
1933 20 26
1934 20 65
1935 20 98
1936 20 30
1937 20 33
1938 20 78
1939 20 16
1940 20 5
1941 20 96
1942 20 87
1943 20 64
1944 20 99
1945 20 60
1946 20 67
1947 20 45
1948 20 41
1949 20 42
1950 20 31
1951 20 26
1952 20 26
1953 20 10
1954 20 9
1955 20 1
1956 20 45
1957 20 82
1958 20 31
1959 20 12
1960 20 25
1961 20 78
1962 20 70
1963 20 34
1964 20 35
1965 20 52
1966 20 23
1967 20 51
1968 20 30
1969 20 98
1970 20 27
1971 20 44
1972 20 23
1973 20 48
1974 20 68
1975 20 65
1976 20 58
1977 20 3
1978 20 70
1979 20 12
1980 20 70
1981 20 46
1982 20 44
1983 20 38
1984 20 7
1985 20 45
1986 20 84
1987 20 31
1988 20 28
1989 20 46
1990 20 40
1991 20 70
1992 20 38
1993 20 21
1994 20 91
1995 20 63
1996 20 71
1997 20 20
1998 20 63
1999 20 33
2000 20 47
1 0 -90
2 56616 -90
3 0 -297
4 0 130
5 22059 -68
6 0 33
7 121501 98
8 0 101
9 0 177
10 0 -42
11 628281 95
12 0 -104
13 144743 109
14 0 -113
15 164004 -65
16 0 -227
17 0 -54
18 158604 -27
19 0 86
20 1676130 326
1 20 279 511 473 1480 421 970 378 1958 1884 575 1900 808 1063 1451 273 1391 1224 26 1068 416 1761 429 1908 461 1600 380 1024 467 543 171 1307 1210 198 642 1774 55 219 1499 373 1100 1250 1558 1416 1288 1314 855 603 807 1470 1931 41 1082 300 602 1370 991 426 607 1039 1992 68 1801 71 38 973 75 352 1357 1665 493 1675 544 1160 1522 1839 1593 1012 1905 31 1067 1027 1679 126 1891 542 96 116 99 1267 772 1222 741 164
2 20 809 576 1314 1936 1313 492 1019 504 611 1551 404 742 919 1603 1912 1504 231 607 787 1891 1349 1529 455 735 368 921 1913 21 396 457 1652 273 1395 1263 786 1031 1265 1493 664 1051 1864 1518 280 93 267 1218 364 998 297 1608 1844 1166 803 42 1968 641 1588
3 20 1933 344 496 253 823 1822 511 1601 273 1018 419 720 540 335 259 578 1314 152 1105 1720 1005 231 1539 187 1386 1530 1446 63 745 1527 1279 459 397 924 1416 1421 219 199 467 1102 1058 843 1556 355 974 1203 1974 1984 1152 1735 1767 1762 785 660 482 1159 732 1846 35 1784 1811 386 1254 1326 1844 360 1727 583 1654 569 1907 1143 291 714 514 317 1833 458 1355 1791 683
4 20 684 1506 1986 1332 679 1347 1746 230 1151 1787 637 784 1868 1448 247 1697 1296 1521 1440 1060 194 1841 1177 1239 1783 707 1767 1072 732 1945 1830 406 1891
5 20 102 1013 1385 1599 839 350 1010 986 1716 1760 1074 1959 1955 800 514 146 841 1223 1868 115 1038 1831
6 20 292 685 1263 1746 707 1219 1963 1106 1584 622 557 1917 602 646 1228 1814 1605 1681 1979 39 431 1575 20 1885 1083 932 1822 914 1644 1236 1560 1893 1374 1474 1309 1651 1695 1062 341 1768 1274 816 1479 38 886 1632 1082 1154 1303 281 652 1968 843 1744 867 710 1678 1434 1121 1712 1870 116 1916 1645 1553 937 284 745 1730 1961 1709 908 1578
7 20 265 627 958 718 983 448 418 1739 156 1721 1267 1315 1121 646 71 502 723 827 1857 1003 269 903 354 583 475 1160 1394 23 1672 1845 84 1701 1767 1409 164 798 1136 804 345 1669 1829 1117 1145 737 342 1111 1249 1569 764 1185 1071 50 1022 1616 1082 1019 1973 300 1754 1300 1700 315 27 1252 944 537 196 1837 4 132 324 1638 1852 1038 1568 1533 998 1050 1298 428 331 1761 295 1410 1421 1775 1932 76
8 20 1608 1144 1605 204 1332 1623 73 312 750 1819 1301 966 1529 391 1325 708 980 1752 571 923 991 1919 1312 1297 173 432 133 223 1662 189 1381 1134 1307 1243 1417 309 818 1133 1748 1858 1938 1027 640 1786 381 420 276 1118 1527 1540 1379 1727 955 588 283 282 1386 1058 910 443
9 20 332 1967 1968 1313 1390 1223 1107 575 793 1647 391 109 1255 190 1958 77
10 20 855 58 1494 1007 37 1533 105 553 1270 1814 801 1827 502 950 186 828 1896 1955 14 776 1623 1679 173 762 1134 420 339 208 1964
11 20 1682 1992 1481 1323 419 1903 1132 402 1803 1210 1617 511 76 1997 1927 1223 1571 118 1173 300 1102 1385 141 1154 99 1008 450 1147 1143 602 547 1399 1537 1767 195 1084 1866 684 1975 327 1251 1111 833 889 893 1343 1357 464 1298 254 1885 448 507 1324
12 20 1149 260 1034 1296 971 1135 1224 1456 1314 462 339 1253 1791 392 1251 1704 481 606 1179
13 20 37 947 1979 1758 291 364 602 1393 1574 1982 1545 492 351 1533 55 1874 137 517 522 1051 1895 1157 170 627 700 586 686 776 1585 828 609 1881 723 157 1589 588 1028 1035 75 1199 1236 578 661 1532 797 409 971 1182 1672 1313 1587 1233 1260 81 1722 693 1663 865 1040 1802 280 1646 289 1517 1807 298 1388 702 559 1366 628 35 1853 810 591 565 1417 758 1252 1295 1601 425 1178 407 1888 357 825 1833 1621 519 416 1721
14 20 1200 895 1518 1831 185 1627 519 49 496 1521 452 761 290 1787 1393 1118 1467 1126 1485 1640 711 1062 591 1988 1804 30 1206 56 828 1606 204 892 1738 1221 136 1516 1358 1286 13 101 1408
15 20 136 1374 8 1898 574 928 214 1505 749 170 1840 1684 1514 1756 1178 761 1217
16 20 539 235 1547 1877 1532 529 650 1265 1960 1736 770 1896 647 640 1204 769 1980 514 424 561 990 790 1504 976 455 1130 518 1358 1147 644 6 1818 375 372 86 125 1715 185 1005 1186 1049 312 1440 1322 1957 1354 582 919 109 798 1486 1720 1802 410 1560 1998 406 438 970 26 466 663 1542 1871 697 90 1691 1411 741 386 1496 1832 309 1748
17 20 1761 886 290 1852 1733 1326 887 1461 672 1810 1655 1955 1000 355 85 1480 1036 677 673 321 494 491 369 424 738 1659 1606 1031 1152 1678 216 1317 1870 1255 1095 810 1555 1845 1458 169 651 1264 670 1090 1437 267 288 1904 1251 264 1460 1214 1703 1274 1190 1239
18 20 795 308 869 1009 195 1618 1255 1687 1353 538 1709 1583 504 214 1619 275 913 1447 130 951 208 669 633 1612 389 1859 1231 253 1584 776
19 20 876 1472 1943 1531 688 1045 243 1922 202 1455 1201 510 275 355 32 1720 122 679 288 1751 1750 988 792 762 1502 250 230 1986 286 1227 1535 552 1002 691 770 348 946 298 1965 418 760 341 953 1172 1065 1305 1726 489 1364 1505 75 1911 1422 1840 1857 982 793 1482
20 20 1801 84 1549 462 1517 555 1537 1213 345 459 1075 607 573 148 129 1289 250 1478 434 1581 1764 1534 1898 76 715 883 875 1729 1896 526 1460 1768 1684 1514 1807 1721 1296 504 544 85 231 1694 270 257 1722 848 1961 1169 1497 116 1929 375 1554 461 722 1556 120 1989 898 496 1461 786 115 819 1104 1221 591 82 814 855
21 20 694 455 1822 1703 29 1000 1892 92 580 13 1196 1722 856 1457 1007 40 1789 608 1983 1754 1614 1092 180 232 1928 71 589 1476 1445 904 242 391 940 963 210 456 816 377 1471 1653 423 598 867 1632 1778 594 1723 208 930 788 106 1139 1143 38 1025 861 908 162 805 1622 1951 1854 780 1753 1707 497 221 1760 1300 1485 1165 36 270 1383 1360
22 20 433 565 446 1608 150 230 1275 1856 1704 1319 1737 112 1369 590 602 1064 939 1150 1590 845 392 958 506 1826 1031 1030 1979 1560 32 545 1459 12 41 1157 1085 1036 425 1167 1436 1583 730 531 1538 478 1341 1903 1179 1771 858 350
23 20 19 702 1160 1376 1884 1280 270 1657 102 420 1462
24 20 256 1480 645 45 736 174 215 1667 168 1229 1184 1271 1649 1160 891 753 1193 1597 1584 658 404 89 1812 748 1097 145 1540 982 1895 1329 1878 1450 197 1062 144 111 1158 981 1167 385 241 542 314 1923 181 1379 961 1641 693 957 585 858 852 1626 532 1742 1662 1176 1411 1245 728 1286 571 740 1993 96
25 20 902 1417 238 883 723 166 1529 1378 710 1686 375 487 1682 1419 1491 924 993 96 1790 396 1441 1953 1054 852 299 1648 1447 1693 271 1669 435 431 390 196 551 1460 865 379 1161 1926 495 896 937 1624 191 1486 885 1728 871 232 1739 1912 623 73 336 1655 1494 1895 1264 1443 889 1250 1027 1861 318 1971 1705 267 1397 473 474 483 1638 335 1796 365 427 709 1037 341 1029 1785 616 1938 837 910 992 1162 938 200 1753 679 1271 1480 1996 951 1345 27
26 20 1611 445 943 1154 438 1820 512 286 455 1716 1122 652 1555 270 1343 1648 1240 1855 1490 1745 596 100 1634 11 635 1459 421 1707 78 23 1748 1506 1895 1520 580 274 1045 1796 670 1789
27 20 370 85 1693 629 1180 1140 596 68 1126 1035 1070 1172 571 1779 748 1340 1037 1515 1984 1197 1381 1511 1473 1977 1673 1359 1214 1871 72 243 910 1071 213 592 1076 365 431 1102 1460 1609 689 743 813 1090 1468 1115 609 1583 791 1480 411 1922 999 1734
28 20 1433 36 1494 478 180 1717 61 1328 448 1454 453 393 835 1044 1787 679 686 419 692 363 521 501 1069 1480 537 1778 460 831 792 847 1758 1815 1996 173 975 1645 967 1356 834 114 1002 376 1879 29 240 1560 931 1768 700 895 83 552 1233 1292 1800 372 1026 1313 779 136 1871 504 176 1138 1389 1226 759 1210 1687 1849 837 1714 742 1698 871 557 833 1825 682 1680 1263 288 1053 1647 626 1903 481
29 20 569 1081 688 599 822 1078 914 1336 1780 1270 1463 241 714 281 1242 1668 618 786 974 356 518 806 541 1922 1305 1910 1371 1678 566 1960 601 656 36 805 1526 1589
30 20 1094 871 249 589 843 81 1783 1292 14 1829 622 1158 331 303 584 1579 1897 380 1489 204 1470 291 858 1415 1435 1997 35 1799 1163 582 1723 418 1848 1860 626 1610 536 1428 1358 41 731 1290 1316 1412 449 1941 540 115 1765 1714 273 1561 724 873 1248 1300 1233 1789 91 263 1048 1295 1497 607 1890 597 390 926 124 1707 1910 1301 1299 1107 839 1752 214 776
31 20 1096 748 1332 983 1270 41 1215 359 1900 762 504 1001 1334 929 1416 110 1448 468 1667 892 1587 1186 111 577 7 1162 175 1598 688 1327
32 20 1466 362 1431 1344 1545 188 669 315 1948 553 178 1276 1050 603 72 1933 1633 204 453 1350 1734 629 1930 421 1367 27 1185 831 1473 1153 691 1729 1927 1395 1488 1668 945 836 1569 986 1292 1916 331 792 163 1849 590 1932 199 160 343 888 1195 903 276 967 50 1973 1324 1028 1204 301 915 1764 884 688 883 75 361 1638 1062 848 1495 1663 1783 866 1150 1079 533 1406 675 608 521 1600 1155 1037 1135 464 808 147 622 1653 825
33 20 1913 1700 985 743 829 139 866 700 173 681 799 1190 1635 457 803 91 1840 601 1247 951 1440 435 1034 621 528 1646 1994 949 1638 1225 847 438 72 1616 745 1174 589 783 1297 983 138 180 1384 1811 1820 1809 214 1040 125 948 1377 1810 609 908 653 1613 15 990 1758 1351 1342 798 595 1469 1940 133 1711 873 1146
34 20 986 935 1795 560 1968 605 1255 1366 1985 1138 846 181 1883 1622 1854 1512 74 100 1678 604 1190
35 20 233 1249 164 1224 348 919 599 422 1133 1760 519 300 1957 397 130 301 314 1698 1783 273 1529 702 226 1053 1328 1713 1471 188 362 1966 459 1088 61 1676 1284 1839 600 1516 499 385 727 1239 875 776 1982 1844 1492 1506 1020 165 489 512 1978 1014 295 1230 1908 291 576 1823 1345 136 901 80 369 1744
36 20 1466 1812 1724 1953 602 1219 246 407 1562 145 148 1617 353 327 1074 1533 142 1365 499 959 38 1443 666 236 1278 1780 237 963 1097 24 874 894 573 1056 298 213 110 1315 575 609 995 505 691 1140 855 535 1036 532 1943 786 1218 777 1898 1199 1323 1163 635 439 563 1728 859 1979 139 656 940 1842 946 432 1319 701 1958 883 397 726
37 20 1839 1659 198 486 1119 1586 90 1389 665 1685 1098 947 1958 1009 634
38 20 1761 146 1864 1580 1115 1967 1294 471 407 1932 1110 378 1248 49 1260 1908 76 1995 1295 535 1118 313 775 1731 545 403 1738 323 193 236 1122 1300 461 1479 497 1347 1265 691 1279 1944 449 1608 38 1494 338 1029 1090 803 354 715 1689 914 83 108 1435 210 621 1158 648 371
39 20 685 570 338 1037 1613 1115 611 1325 1384 1435 1320 1220 1537 184 214 961 1904 595 991 620 36 1271 1552 1821 46 1226 809 82 93 1942 375 863 1066 1196 830 1262 1055 985 334 1469 538 1443 1042 1618 864 747 1393 398 1828 1756 1498 224 1671 577 495 1709 1896 720 462 540 1755 1327 1978 1605 1768 363 1549 517 1930 1685 565 784 1063 746 546 1987 1475 614 703 32 1100 287 373
40 20 1301 1311 1795 593 919 832 515 1684 1365 199 214 1727 623 1284 1530 491 1188 1286 256 98 845 1847 1102 774 735 1068 614 296 9 563 173 880 521 781 1378 421 266 1856 1055 1517 578 1218 1614 1695 633 971 675 1142 639 1036 1234 1258 250 1325 1 1525 546 453 1340 125 1254 62 1229 566 1410 594 502 586 402 801 275 1043 1885 1251 1583 1843 1785 558 38 270 1687 1423 1726
