100 100 100
1 100 9
2 100 11
3 100 2
4 100 2
5 100 26
6 100 5
7 100 6
8 100 5
9 100 17
10 100 19
11 100 20
12 100 23
13 100 11
14 100 27
15 100 15
16 100 20
17 100 26
18 100 4
19 100 15
20 100 26
21 100 20
22 100 10
23 100 22
24 100 6
25 100 26
26 100 1
27 100 20
28 100 20
29 100 25
30 100 22
31 100 24
32 100 23
33 100 29
34 100 3
35 100 12
36 100 25
37 100 11
38 100 8
39 100 20
40 100 16
41 100 16
42 100 1
43 100 14
44 100 12
45 100 6
46 100 25
47 100 1
48 100 5
49 100 24
50 100 5
51 100 10
52 100 18
53 100 14
54 100 28
55 100 25
56 100 4
57 100 11
58 100 20
59 100 4
60 100 13
61 100 21
62 100 27
63 100 19
64 100 27
65 100 9
66 100 12
67 100 26
68 100 26
69 100 21
70 100 8
71 100 9
72 100 10
73 100 29
74 100 11
75 100 8
76 100 22
77 100 13
78 100 21
79 100 23
80 100 11
81 100 23
82 100 2
83 100 24
84 100 17
85 100 26
86 100 18
87 100 26
88 100 6
89 100 16
90 100 13
91 100 11
92 100 8
93 100 7
94 100 5
95 100 23
96 100 22
97 100 22
98 100 15
99 100 28
100 100 17
1 281 19
2 0 -9
3 851 36
4 161 -17
5 0 -5
6 186 -28
7 0 -18
8 141 -6
9 0 -27
10 402 7
11 71 3
12 1 -2
13 0 8
14 0 0
15 0 -34
16 0 43
17 167 27
18 114 0
19 0 -12
20 111 -10
21 298 10
22 0 -3
23 0 -2
24 686 -6
25 81 -26
26 38 8
27 0 4
28 32 -4
29 45 37
30 147 9
31 0 22
32 149 47
33 0 0
34 136 -13
35 0 32
36 0 0
37 35 -10
38 466 6
39 213 -4
40 0 -7
41 0 -13
42 92 2
43 0 -18
44 0 -13
45 0 -32
46 0 -3
47 91 20
48 266 -4
49 56 6
50 0 -9
51 0 13
52 0 18
53 0 -4
54 0 2
55 31 2
56 0 -3
57 212 27
58 392 -44
59 201 -18
60 664 -55
61 0 3
62 42 9
63 317 4
64 0 56
65 97 -42
66 0 -41
67 29 1
68 0 0
69 420 -3
70 334 -5
71 0 43
72 0 18
73 396 8
74 0 36
75 0 -6
76 257 -9
77 127 22
78 0 6
79 0 7
80 141 -25
81 0 13
82 0 13
83 0 22
84 0 -11
85 0 -7
86 0 4
87 0 -1
88 0 21
89 0 7
90 0 -13
91 0 28
92 515 0
93 0 -10
94 0 22
95 0 0
96 136 0
97 0 -28
98 0 0
99 264 16
100 5415 10
1 82 34 56 55 20 22 51 92 27 79 35 41 8 67 59 7 36 98 17 9 39 4 68 6
2 82 64 13 39 27 60 78 25 30 9 56 99 17
3 86 96 3 4 43 99 75 36
4 86 35 34 50 85 41 16 26 91
5 86 96 9 26 28 87 44 93 10 25 65 91 72 62 55
6 86 95 57 52 63 7 49 48 35 39 41 85 1 6 33 59 62 24 70
7 86 69 45 84 19 63 57 99 24 12 27 60 66 55 36 97 23 38 89 41 76
8 86 92 63 40 41 97 52
9 86 33 64 5 49 67 58 90 94 72 98 30 9 86
10 86 18 89 24 26 56 69 53 3 5 51
11 86 23 60 84 13
12 86 14 24 4
13 86 23 41 34 98 19 8 69 58 29 86 48 70 54 83 2 56 68 95 92 99 72 55 4 3
14 88 35 1 4 96 52 76 68 55 64 70 94 18 46
15 88 91 62 4 30 37 74 77 7 49 59 81 36 46
16 88 47 29 50 57 96 88 91 86 3 53 10 32 38 2 89 82 58 66 83 35 42 81 4 34 1 56 12 43
17 88 9 82 22 27 39 23 24 95 31 8 14 75 25 68 60 43 67 4 83 10 59 97
18 88 46 49 94 60 99 12 53 67 84 21 6 37 17 91 20 28 13 77 70 11 71
19 88 98 7 3 69 68 49 75 14 1 25 99 52 20 11 26 80 10 30 62 84 70 86 96
20 88 20 5 55 22
21 88 20 22 65 40 50 45 10 38 11 82 76 51 19 57 26 78 13 41
22 88 73 83 68
23 88 30 4 17 45 24 44 1 53 18 59 38 8 74 13 92 7 89 43 80 67 10 75 3 9
24 88 68 42 59 48 87 27 32 30 58 2 3 89 78
25 88 58 63 55 50 84 30 42 29 49
26 88 14 59 86
27 88 66 98 31 16 77 48 88 32 12 51 97 6
28 88 3 53 50 83 36 67 19 84 18 78 92 60 62 90 13 77 66 20 52 14 10 29 76 26
29 88 59 81 84 23 95 13 90 34 18 54 20 17 52 80 24 83 48 3 1 66 4 11 35 86 77 41 2
30 88 47 53 33
31 88 70 51 90 65 20 72 74 2 19 54 14
32 88 60 54 20 4 75 18 37 19 58 82 7 30 1 93 74 11 13 16 81 95 71 8 5 63 67 25 73 52 84
33 88 49 89 12 22 3 6 5 69 26 94 67 53 88 97 2 24 65 13 1 80 90 4 14 58 42 66 21
34 88 74 86 87 67 73 68 57 9 69 32 94 60 50
35 88 66 57 92 67 30 36 42 48 76 11 14 3 9 40 10 95 54 32 91 75 80 88 25 87 24 22 31
36 88 89 95 5 17 98 3 6 33 11 32 75 60 40 55 96 81 92 88 73 54 26 77 29
37 88 52
38 88 65 45 84 53 82
39 88 16
40 88 30 10 54 8 74 2 60 46 76 1 6 66 51 99
41 88 60 88 99 65 66 16 15 4 85 46 12 90 50 73 43 68 28 79
42 88 3 23 10 39 54 74 95 38 29 56 60 2 31 15 14 86 49 51 82 69 47 63 87 97 71
43 88 12 19 2 17 90 10
44 88 17 97 92 4 43 73 51 2 38 60 7 29 28 14 49
45 88 67 75 51 12 73 89 82
46 88 34 27 30 19 39 6 29 28 44 97 38 8 81 11 48 96 67 60 74 63
47 89 43
48 91 17 76 42 72 63 30 50 39 19 3 54
49 98 21 58 70 67 75 72 1 27 63 16 60 31 51 53 87 30 49 92 18 76 84 52 81 14
50 98 94 64 24 26 21 62 89 68 53 86 10 93 41 50 96 81 75 36 57 51 11 22 4 28 59 8 46 56
51 99 29 5 17 47 94 39 79 27 57 56 38 74 1
52 99 44 82 27 97 39 68 16
53 99 78 7 76 4 92 69 62 63 51 9 60 74 50 35 29 48 99 95 75 17 67 23 1 45 31 61 90 24 65
54 99 99 92 11 47 77 39 95 56 13 79 32 10 73 69 6 27 7 15 8 90 4 68 82
55 99 86 80 20 48 25 38 28 62 78 68 51 30 74 76 73
56 99 28 56 69 30 65 14 18 50 29 41 71 60 45 77 55 31 82 6 86 37
57 99 55 67 5 87 6 79 31 93 40 84 15 65 78 75 43 54 82 64 4 14 97 26 62 25
58 99 5 89 58 57 36 48 42 10 62 16 35 65 83 92 32 64
59 99 13 21 12 40 31 79 93 68 59 57 3 51 62 32 86 26 7 94 80 45 23 76 20 99 22 88 41
60 99 39 86 31 94 74 62 14 57
61 99 90 46 41 45 84 7 5 20 44 23 89 48 70 29 76 9 27 21 67 72 18 19 79 35 40 2 91 52 57
62 99 50 81 89 40 57 14 46 73
63 99 58 69 20 53 18 66 21 5 94 8 50 16 33 89
64 99 57 75 22 15 30 81 32 5 71 35 72 41 60 65 54 91 89
65 99 13 1 42 87 81 5 31 99 47
66 99 83 74 11 78 98 70 3 41 34 47 64 96 15 79 93 57 50
67 99 40 3 64 33 62 24 55 52 22 34 92 98 96 93 42 89 66 43 29 70 27 16
68 99 24 53 76 58 15 50 37 26 51 5 78 59 94 36 27 39 79 89 71 47 46
69 99 20 87 29 48 3 15 43 75 93 79
70 99 70 16 50 59 99 26 84 55 90 30
71 100 68 15 33 66 57 34 63 53 58 13 64 84 91
72 100 13 66 17 61
73 100 29 90 74 31
74 100 28 7 61 65 17 70 98 11 62 52
75 100 17 24 1 31 16 79 7 96 38 81 61 2 57 82 93 83 12 13 30 50
76 100 88 83 28 98 1 50 95 25 68 90 13 94 62 51 52 16 3 67 65 49 74 48 66 5
77 100 28
78 100 35 40 55 70 92
79 100 59 35 20 65 40 50 81 82
80 100 80 23 57 51 60 53 1 36 64 14 34 84 91
81 100 94 38 31 68 50 29 95 11 99 76 54 61 23 19 40 74
82 100 46 26 33 75 92 86 35 57 10 76 48 52 83 21 4 13 78
83 100 95 34
84 100 84 32 62 16 14 66 6 12
85 100 93 37 56 66 43 33 15 81 32 47 41 92 3 4 21
86 100 85 92 53 86 5 78
87 100 23 5 8 35 25 13 69 92 19
88 100 96 98 56 29 70 77 68 93 23 20 54 72 65 19 18 80 84 3 6 88 32 99 13 89 58
89 100 55 16 43 53 62 96
90 100 21 71 75 35 84 49 44
91 100 63
92 100 25 30 81 68 77 96 21 29 15 57 92 66 73 48 54 26 38 62 98 22 10 2 18 33 52 90 50 40 67
93 100 30 64 66 21 8 71 69 77 98 13 68 18 17 49 20 40 14 7 80 76 51 47 74
94 100 12 27 67 58 32 91 56 66 95 86 73 19 2 42 69 28 87
95 100 4 6 65 77 34 92 19 82 70 24 94 13 23 96 60 81 83 69
96 100 87 72 70 25 30 67 49 12 62 84 93 51 1
97 100 31 3 21 54 77 2 5 61 55 64 34 69 36 79 96
98 100 48 76 36 50 89 26 18 99 67 28 24 19 57
99 100 64 79 6 8 38 46 16 48 2
100 100 19 16
