-e # 1
1 0.001367 0.016723 0.033196 0.034155 
-e # 2
2 0.001037 0.030901 0.066579 0.068718 
-e # 4
4 0.000979 0.061041 0.133928 0.138373 
-e # 8
8 0.000966 0.119696 0.270540 0.280146 
-e # 16
16 0.000992 0.235079 0.538170 0.558356 
-e # 32
32 0.001090 0.440716 1.041005 1.080303 
-e # 64
64 0.000744 0.822868 1.937641 2.014040 
-e # 128
128 0.000782 0.977796 2.683501 2.858475 
-e # 256
256 0.000762 1.487076 4.095152 4.548864 
-e # 512
512 0.000594 1.491687 4.328066 4.935972 
-e # 1024
1024 0.000505 1.427661 4.581939 5.372537 
-e # 2048
2048 0.027222 1.332818 4.465902 4.343394 
-e # 4096
4096 0.000159 1.231951 3.026079 3.237559 
-e # 8192
8192 0.000042 0.426728 4.994986 3.132030 
-e # 16384
16384 0.000009 0.000031 0.494988 1.459324 
-e # 32768
32768 0.000004 0.000002 0.000075 0.374632 
-e # 65536
65536 0.000004 0.000003 0.000012 0.000046 
-e # 131072
131072  0.000001 0.000007 0.000012 
-e # 262144
262144   0.000001 0.000002 
-e # 524288
524288    0.000001 
