test1.txt
4096	1	0.001052	1053

16384	1	0.004108	4107

65536	1	0.014161	14161

262144	1	0.056061	56061

1048576	1	0.221414	221416

4194304	1	0.883768	883768

test2.txt
4096	1	0.001051	1052

16384	1	0.003967	3967

65536	1	0.014514	14513

262144	1	0.056294	56294

1048576	1	0.221199	221201

4194304	1	0.883674	883673

test3.txt
4096	1	0.001022	1023

16384	1	0.003967	3967

65536	1	0.014419	14419

262144	1	0.055600	55600

1048576	1	0.222073	222074

4194304	1	0.884454	884454

test4.txt
4096	1	0.001024	1025

16384	1	0.003981	3980

65536	1	0.014264	14264

262144	1	0.056074	56074

1048576	1	0.220558	220558

4194304	1	0.879830	879830

test5.txt
4096	1	0.001007	1008

16384	1	0.004000	4000

65536	1	0.014578	14578

262144	1	0.055593	55593

1048576	1	0.221779	221780

4194304	1	0.880830	880830

test6.txt
4096	1	0.001022	1023

16384	1	0.003916	3916

65536	1	0.014011	14010

262144	1	0.055933	55933

1048576	1	0.221786	221786

4194304	1	0.884764	884764

test7.txt
4096	1	0.001021	1022

16384	1	0.004036	4037

65536	1	0.014464	14464

262144	1	0.056333	56332

1048576	1	0.220834	220834

4194304	1	0.881890	881891

test8.txt
4096	1	0.000993	993

16384	1	0.003878	3878

65536	1	0.014441	14441

262144	1	0.055836	55836

1048576	1	0.220688	220688

4194304	1	0.879088	879088

test9.txt
4096	1	0.001013	1014

16384	1	0.003988	3988

65536	1	0.014525	14524

262144	1	0.056311	56311

1048576	1	0.221260	221260

4194304	1	0.883023	883023

test10.txt
4096	1	0.000993	994

16384	1	0.003968	3968

65536	1	0.014292	14292

262144	1	0.055853	55853

1048576	1	0.220658	220658

4194304	1	0.879982	879982

test11.txt
4096	1	0.001035	1036

16384	1	0.004085	4085

65536	1	0.014382	14382

262144	1	0.055728	55728

1048576	1	0.222104	222104

4194304	1	0.879405	879405

test12.txt
4096	1	0.001008	1009

16384	1	0.003968	3968

65536	1	0.014331	14329

262144	1	0.055437	55437

1048576	1	0.221632	221632

4194304	1	0.880287	880287

test13.txt
4096	1	0.000993	993

16384	1	0.004057	4056

65536	1	0.014440	14440

262144	1	0.055512	55512

1048576	1	0.220568	220572

4194304	1	0.879073	879073

test14.txt
4096	1	0.001021	1022

16384	1	0.003984	3984

65536	1	0.014407	14406

262144	1	0.055642	55642

1048576	1	0.222576	222577

4194304	1	0.884883	884883

test15.txt
4096	1	0.001035	1036

16384	1	0.003987	3986

65536	1	0.014219	14218

262144	1	0.055890	55891

1048576	1	0.222100	222100

4194304	1	0.879161	879161

test16.txt
4096	1	0.001044	1044

16384	1	0.004047	4046

65536	1	0.014138	14137

262144	1	0.055922	55922

1048576	1	0.220874	220875

4194304	1	0.884097	884097

test17.txt
4096	1	0.000994	995

16384	1	0.003987	3987

65536	1	0.014211	14212

262144	1	0.056532	56532

1048576	1	0.221965	221967

4194304	1	0.887126	887125

test18.txt
4096	1	0.001024	1024

16384	1	0.004030	4030

65536	1	0.014365	14365

262144	1	0.055571	55570

1048576	1	0.220322	220321

4194304	1	0.883265	883265

test19.txt
4096	1	0.001023	1023

16384	1	0.003913	3912

65536	1	0.014424	14424

262144	1	0.055463	55463

1048576	1	0.220735	220737

4194304	1	0.878848	878848

test20.txt
4096	1	0.001007	994

16384	1	0.004132	4132

65536	1	0.014204	14203

262144	1	0.055411	55410

1048576	1	0.222204	222203

4194304	1	0.883272	883271

means.txt
size: 4096
0.001052
0.001051
0.001022
0.001024
0.001007
0.001022
0.001021
0.000993
0.001013
0.000993
0.001035
0.001008
0.000993
0.001021
0.001035
0.001044
0.000994
0.001024
0.001023
0.001007
Mean time: 0.0010191
size: 16384
0.004108
0.003967
0.003967
0.003981
0.004000
0.003916
0.004036
0.003878
0.003988
0.003968
0.004085
0.003968
0.004057
0.003984
0.003987
0.004047
0.003987
0.004030
0.003913
0.004132
Mean time: 0.00399995
size: 65536
0.014161
0.014514
0.014419
0.014264
0.014578
0.014011
0.014464
0.014441
0.014525
0.014292
0.014382
0.014331
0.014440
0.014407
0.014219
0.014138
0.014211
0.014365
0.014424
0.014204
Mean time: 0.0143395
size: 262144
0.056061
0.056294
0.055600
0.056074
0.055593
0.055933
0.056333
0.055836
0.056311
0.055853
0.055728
0.055437
0.055512
0.055642
0.055890
0.055922
0.056532
0.055571
0.055463
0.055411
Mean time: 0.0558498
size: 1048576
0.221414
0.221199
0.222073
0.220558
0.221779
0.221786
0.220834
0.220688
0.221260
0.220658
0.222104
0.221632
0.220568
0.222576
0.222100
0.220874
0.221965
0.220322
0.220735
0.222204
Mean time: 0.22136645
size: 419304
0.883768
0.883674
0.884454
0.879830
0.880830
0.884764
0.881890
0.879088
0.883023
0.879982
0.879405
0.880287
0.879073
0.884883
0.879161
0.884097
0.887126
0.883265
0.878848
0.883272
Mean time: 0.882036
