32 245
14 17 32 19 15 14 11 18 5 16 15 23 11 3 29 6 21 22 32 10 20 22 16 9 28 32 18 22 30 14 22 30
3 1 20 5 14 23 17 23 22 23 21 29 19 7 25 5 21 13 20 19 6 14 25 15 30 13 23 15 3 16 5 12
26 3 12 22 29 12 4 25 20 1 10 15 31 18 9 26 22 23 16 24 14 30 21 14 18 28 6 2 29 20 28 25
23 12 20 19 28 3 19 21 24 12 11 22 4 17 4 32 6 19 8 27 29 26 17 25 16 10 18 32 21 27 15 12
9 6 32 7 6 29 12 23 29 12 16 17 22 31 32 27 5 28 26 29 20 32 4 15 30 32 16 8 19 7 25 7
21 7 2 1 8 11 4 9 9 16 2 26 16 9 17 13 7 17 11 31 1 14 21 8 8 21 9 14 24 7 29 30
19 23 6 16 13 5 7 12 25 3 13 1 28 1 19 1 21 5 14 20 28 12 27 31 30 10 10 13 15 9 29 19
20 1 24 18 8 18 7 8 6 24 12 18 31 14 22 4 29 10 28 17 6 29 11 32 20 27 2 29 29 13 23 26
23 21 19 12 4 14 14 24 24 23 6 19 32 15 26 25 1 15 7 9 32 18 11 2 3 26 25 8 19 13 10 30
24 22 21 31 24 27 23 26 11 14 6 3 11 18 11 19 30 16 2 17 31 9 4 17 7 8 18 8 31 27 1 11
21 30 13 31 29 5 20 11 8 23 1 3 10 19 10 13 13 17 17 1 17 13 30 7 11 13 4 4 24 30 14 25
14 28 10 7 5 14 20 32 17 29 4 21 10 29 1 9 17 32 14 21 2 22 27 25 24 8 7 17 28 13 22 10
10 21 32 17 9 13 8 18 6 7 3 28 23 16 10 32 1 13 9 11 29 25 9 1 2 1 1 27 13 8 22 9
26 28 5 20 12 32 29 24 5 20 3 1 28 7 4 18 31 30 7 15 28 31 7 27 9 9 24 23 28 4 7 25
22 18 31 30 2 31 5 4 23 9 10 30 8 14 31 25 22 25 8 11 31 20 14 32 7 19 5 15 4 3 31 31
31 14 23 26 13 27 23 18 9 9 26 4 7 9 31 23 27 28 31 16 13 13 23 26 24 5 15 19 23 1 1 23
30 10 3 4 16 4 12 20 29 2 16 12 29 1 27 27 20 5 16 32 28 25 9 9 7 1 15 21 6 1 10 13
19 9 2 30 28 2 12 20 4 30 19 26 32 22 14 5 10 22 7 29 18 1 20 15 3 29 11 9 26 14 21 29
2 7 1 26 26 27 17 17 17 28 31 12 25 8 7 15 9 2 12 8 26 18 28 12 32 16 26 12 5 3 31 1
30 18 18 16 23 29 4 4 30 5 1 26 20 29 3 32 32 18 25 30 23 29 26 26 31 28 1 10 15 2 14 31
20 11 21 6 2 29 29 19 29 27 1 23 5 23 26 6 18 1 12 30 10 13 8 10 7 2 26 25 5 31 23 15
13 23 3 10 13 22 28 5 17 17 3 21 21 11 12 4 30 13 32 17 20 6 30 23 28 25 19 26 24 18 3 10
29 24 10 10 11 10 2 32 5 24 14 31 27 17 9 13 1 3 25 25 10 18 30 15 8 10 29 27 7 18 7 2
19 4 23 32 4 22 8 1 30 14 4 14 23 10 3 31 19 11 15 30 15 11 13 19 27 22 19 30 22 14 6 25
28 28 8 1 26 28 29 5 3 17 2 10 25 9 19 32 28 26 14 15 28 9 20 31 13 9 20 12 13 3 1 25
7 6 10 10 19 29 30 6 14 31 18 1 28 31 10 6 7 21 29 4 27 29 20 7 22 14 4 16 15 28 29 7
14 10 2 25 18 26 2 2 29 8 23 18 24 30 2 24 1 32 5 14 28 32 8 5 17 23 15 13 22 9 9 4
20 16 13 21 29 3 26 6 4 27 10 30 28 11 10 22 29 22 28 3 12 6 3 24 11 25 8 5 24 6 11 26
5 6 14 3 21 25 23 29 3 8 21 12 12 11 1 15 32 4 25 15 15 3 17 8 26 32 8 30 8 32 7 11
5 19 6 6 8 24 24 25 1 11 19 3 12 9 22 2 15 31 27 28 25 23 16 24 14 15 3 8 16 11 24 20
30 9 23 2 1 9 20 10 17 11 13 2 19 3 5 23 16 20 8 9 30 6 22 29 32 14 30 5 19 17 17 25
7 12 4 6 15 11 23 8 30 6 19 16 16 31 16 20 31 11 20 9 8 26 17 18 14 27 6 17 2 28 24 8
10 12 18 18 19 15 13 23 8 17 2 31 21 7 31 15 19 8 2 4 19 27 31 2 10 17 13 16 13 23 29 9 6 28 15 6 19 17 2 30 28 4 10 19 15 16 20 28 27 12 10 5 12 1 21 27 15 4 6 20 21 18 2 21 18 10 5 17 3 2 8 24 11 13 26 32 1 18 26 12 19 27 2 31 24 10 30 10 1 18 22 23 21 24 21 23 29 24 24 11 14 14 22 10 21 23 5 2 24 13 8 12 31 3 4 5 7 5 5 2 4 29 31 4 20 15 31 6 23 1 24 27 14 31 7 27 19 28 32 9 27 18 23 24 6 7 16 2 9 1 19 1 1 18 24 23 2 14 3 7 4 9 26 4 11 19 25 31 31 24 15 26 9 2 14 21 2 28 14 20 23 9 10 22 24 17 17 12 16 15 15 1 12 7 2 2 19 11 27 30 14 32 10 12 25 29 24 28 11 18 15 15 19 26 1 26 23 15 6 25 17 24 9 27 1 7 18 20 21 19 27 32 24 16 6 25 26 32 20 5 18 23 15 27 17
11
