37 311
23 30 6 22 19 7 20 22 18 19 36 33 32 1 34 7 6 15 31 14 37 20 23 27 5 1 20 27 32 18 37 17 13 25 22 8 14
1 19 21 1 35 32 28 1 21 22 29 8 37 10 31 9 16 20 2 7 37 37 19 13 29 20 9 1 1 30 11 2 23 20 32 36 25
27 12 16 37 7 23 20 14 22 6 12 22 17 31 19 14 24 19 17 9 27 17 34 17 33 11 1 9 34 25 12 6 15 1 19 9 4
37 33 5 19 9 19 7 6 35 8 11 2 28 13 20 32 22 34 16 23 37 28 21 34 13 20 21 14 30 9 23 17 34 9 34 5 16
12 2 29 29 31 28 16 31 18 16 19 36 27 36 18 16 36 1 2 11 9 37 27 13 18 37 11 1 32 17 37 21 21 13 14 4 5
33 20 1 21 8 9 17 14 29 27 22 30 25 34 5 3 21 12 8 17 16 36 24 37 7 26 32 5 27 24 15 36 19 3 5 10 28
20 15 13 6 23 12 12 14 19 1 14 11 16 7 28 33 14 33 21 30 12 24 6 30 26 4 26 18 36 32 23 21 9 1 21 20 37
1 2 17 12 12 17 12 32 21 4 8 14 2 7 2 26 29 16 33 19 18 22 17 24 37 32 23 18 7 24 21 24 36 28 13 3 20
32 22 7 27 13 21 4 27 28 15 25 15 6 37 9 34 21 15 36 17 22 33 10 10 30 8 11 24 21 35 18 18 8 16 4 13 25
28 29 12 16 12 3 7 8 9 14 29 31 22 24 18 27 22 1 25 32 31 17 24 10 10 26 23 25 19 12 33 36 2 33 27 24 22
12 21 27 20 4 18 18 24 32 6 28 9 27 4 24 18 7 8 7 29 37 24 25 36 13 4 15 2 21 10 27 25 17 4 6 22 12
37 23 13 35 5 19 8 9 34 31 26 5 11 8 37 18 1 32 28 14 13 6 2 34 37 6 32 29 28 37 14 33 1 33 33 31 2
3 24 16 31 29 2 35 35 1 1 29 8 13 32 4 1 4 26 14 11 10 2 22 9 10 18 6 8 8 25 33 25 32 9 36 6 37
36 36 13 32 26 1 4 20 6 12 18 16 13 12 20 35 19 36 1 34 36 14 17 24 30 4 33 27 27 16 15 23 24 25 10 5 16
6 2 20 30 11 23 18 23 18 11 16 25 22 25 17 9 35 35 31 17 2 27 20 16 11 35 17 17 3 5 31 31 29 14 30 19 3
27 28 16 3 20 5 19 30 32 34 2 5 17 31 18 19 21 14 17 7 2 23 19 12 27 8 8 3 5 34 3 16 4 26 34 10 35
19 31 29 6 14 35 11 22 31 20 8 12 18 26 1 22 14 14 29 17 15 23 26 6 36 25 10 7 24 9 8 18 12 17 22 11 7
27 25 33 33 5 7 7 23 36 11 33 20 19 20 21 33 26 12 24 7 5 19 11 8 14 24 35 8 14 13 26 25 23 20 20 9 31
21 14 9 35 7 6 8 29 10 18 4 8 9 10 16 30 17 3 20 25 4 28 27 33 6 30 26 10 9 23 12 20 2 37 7 15 32
5 5 12 31 26 18 19 4 34 3 3 28 31 16 14 26 17 24 34 18 29 10 1 11 13 27 10 16 10 1 5 28 16 5 7 10 33
4 11 19 19 25 3 15 21 25 32 16 3 29 3 1 9 23 6 34 31 34 8 33 10 12 34 10 5 15 33 21 3 10 25 11 13 35
9 2 12 11 24 11 36 8 25 5 11 10 20 31 35 19 33 16 27 32 29 4 16 36 14 11 28 1 6 16 36 21 37 29 31 22 20
4 7 27 29 9 12 3 26 4 19 13 28 10 37 36 2 4 4 37 4 20 35 12 14 10 25 37 27 30 35 31 13 11 1 2 32 6
19 6 22 5 13 6 18 5 25 24 16 25 31 24 36 19 24 30 8 16 15 19 11 20 10 35 16 4 15 27 5 23 9 9 25 7 2
5 18 19 37 30 3 22 1 4 28 13 37 13 14 4 29 24 37 22 32 28 21 9 26 16 17 27 16 6 24 29 27 29 37 32 27 4
4 12 26 5 25 16 3 20 2 19 11 28 2 34 1 19 31 11 27 26 4 12 29 10 17 8 14 33 25 33 3 31 19 1 33 16 16
19 26 37 37 33 8 28 24 23 25 37 34 1 14 32 34 33 7 15 9 12 31 29 20 34 18 3 13 2 15 2 31 19 26 29 13 20
25 1 32 36 7 1 20 20 6 20 24 20 35 7 32 35 24 22 36 33 32 36 32 2 37 36 22 19 18 17 30 30 7 24 33 2 27
1 34 31 11 27 1 36 30 15 17 37 11 15 29 13 19 8 1 19 25 28 3 29 28 15 16 13 34 16 34 13 7 28 25 21 23 12
21 25 19 6 26 15 9 11 29 36 36 10 22 25 19 3 34 23 2 26 18 19 33 34 7 28 1 30 2 1 4 34 35 25 23 13 37
30 31 23 24 20 27 6 4 36 20 20 29 33 5 28 17 15 30 35 14 30 32 24 6 19 18 17 37 31 22 31 22 12 11 16 31 24
36 32 33 20 8 12 23 11 16 17 18 17 22 10 22 11 5 36 23 35 4 13 35 32 30 7 5 25 17 12 32 4 15 29 30 5 24
31 28 14 34 37 28 37 17 7 6 3 11 33 29 10 2 6 22 20 18 7 11 28 19 18 29 35 4 14 19 37 23 32 15 37 15 19
7 7 16 23 20 3 34 8 32 7 2 11 19 27 6 13 36 30 19 28 21 24 31 33 30 29 27 20 13 5 5 26 11 33 15 25 29
34 21 13 35 14 30 16 14 5 7 26 31 34 14 29 26 36 3 12 24 23 12 14 23 32 36 4 26 28 27 11 26 12 15 30 16 29
9 2 22 22 22 31 35 14 22 36 9 26 24 28 5 30 33 29 9 24 26 18 24 7 27 32 24 30 15 25 22 15 34 19 13 12 7
31 7 29 35 12 2 2 34 15 26 20 6 21 35 23 13 10 35 9 2 7 24 9 10 11 9 35 32 6 28 21 22 19 31 17 14 15
28 14 19 17 12 19 7 19 9 16 15 31 1 24 9 10 8 3 26 16 24 11 30 29 31 3 10 18 2 30 5 14 21 33 29 10 23 1 10 1 4 17 4 29 11 15 18 34 17 23 24 22 22 25 27 36 15 11 17 36 14 11 6 26 18 10 7 16 14 18 33 2 31 35 4 16 16 31 19 11 25 16 20 14 18 1 23 1 2 7 7 33 4 3 19 20 28 8 36 22 13 3 10 15 22 16 30 15 31 28 21 34 2 21 26 13 1 34 21 1 29 19 7 32 19 10 19 28 19 4 34 15 12 12 27 9 21 35 13 8 36 27 16 28 36 15 6 14 18 25 9 13 12 28 20 7 4 4 6 9 4 22 1 12 18 9 17 33 15 23 33 17 23 21 37 20 4 11 15 16 16 15 9 1 12 8 36 22 12 30 33 10 29 7 15 3 5 25 14 8 12 2 11 1 24 17 31 21 8 21 7 11 25 37 21 23 32 7 13 13 28 15 11 37 32 20 13 36 35 3 3 34 15 30 12 12 10 30 4 14 4 11 21 4 13 22 30 1 5 3 25 14 28 36 8 16 8 30 27 3 36 6 8 15 34 34 35 10 30 12 34 25 10 13 5 11 28 8 14 32 6 15 12 17 36 34 20 3 35 5 11 20 25 18 17 11 20 29 22 13 35 3 22 27 9 23 12 18 18 33 23
25
