39 322
36 8 24 25 10 32 8 32 12 24 27 8 21 26 1 37 4 25 36 36 15 26 32 10 30 21 14 2 11 34 15 23 24 37 34 24 16 25 24
28 4 30 38 5 13 28 9 6 25 37 38 13 7 19 8 5 16 31 18 9 2 31 12 15 4 25 13 12 21 24 20 38 24 34 28 35 8 1
18 8 6 38 1 37 28 23 13 7 15 13 38 27 32 21 14 17 36 10 9 16 12 21 39 28 23 36 15 37 3 24 30 25 25 16 23 32 21
20 28 14 11 10 14 37 39 5 17 20 1 37 16 8 8 27 35 21 11 4 8 19 34 30 25 2 25 39 36 7 14 29 22 25 19 20 8 5
25 21 22 7 20 23 22 30 38 12 12 18 23 32 26 6 37 38 37 34 5 38 38 9 2 10 29 17 28 26 3 24 9 30 6 22 26 2 23
2 11 36 22 1 4 1 11 26 39 39 24 17 5 4 1 36 22 5 7 39 38 39 17 26 1 8 37 30 17 4 34 33 14 28 16 8 20 10
6 21 26 19 23 28 27 2 9 24 8 28 17 33 1 8 28 27 20 35 38 6 30 11 5 30 36 23 4 23 33 6 25 27 12 10 9 18 16
24 32 11 31 23 28 26 38 27 38 26 17 7 1 32 4 22 21 19 14 38 11 21 38 6 25 18 19 36 9 11 20 21 8 3 7 7 30 16
11 19 27 26 20 21 35 17 12 13 6 14 39 22 2 2 16 19 39 27 6 22 12 38 29 23 38 8 16 24 34 3 33 34 31 18 37 39 13
27 24 37 22 1 34 20 3 11 36 8 36 25 38 13 3 15 2 7 38 33 38 35 28 35 28 9 23 18 39 39 18 27 6 9 1 3 32 38
1 30 26 10 17 20 38 37 35 21 17 3 16 4 6 12 3 9 20 31 26 18 16 11 20 24 26 8 24 10 9 5 21 18 28 6 34 35 27
3 22 11 6 12 19 3 38 37 30 10 7 19 15 24 36 35 39 12 38 17 22 35 32 24 26 18 6 36 24 32 15 1 12 26 15 25 35 10
10 15 11 22 38 16 4 18 18 24 14 9 24 19 22 4 25 18 28 18 38 38 15 10 38 35 20 7 6 11 28 22 14 19 39 15 39 12 35
28 31 4 19 29 27 11 9 23 24 4 33 20 26 11 5 10 18 19 34 8 18 32 36 8 2 35 2 4 4 23 31 15 24 35 35 2 39 32
28 20 17 19 21 2 5 24 26 17 10 8 18 28 27 37 23 28 19 24 28 14 11 12 17 27 29 28 24 29 13 16 30 2 36 17 31 33 36
17 3 15 34 15 10 27 29 6 18 16 8 29 20 20 35 36 1 33 14 16 24 24 35 31 8 10 7 34 37 31 37 20 30 10 20 30 25 37
21 2 1 38 28 6 18 25 22 2 21 22 31 21 31 1 30 21 25 27 22 35 22 37 7 11 17 24 36 6 37 11 26 6 35 37 21 31 1
26 16 17 15 20 11 14 5 32 24 24 37 36 12 21 28 5 3 9 23 6 16 26 31 39 10 38 28 32 5 1 26 22 7 19 3 37 12 22
11 7 34 15 10 3 29 38 8 10 12 19 22 12 25 13 18 20 14 8 25 15 28 30 27 21 3 21 25 11 35 2 2 2 18 4 22 10 7
32 39 18 7 1 1 39 28 13 34 24 1 15 28 39 33 4 2 14 36 35 29 30 18 22 25 38 2 6 7 29 30 16 15 17 27 30 20 20
22 1 8 18 10 34 26 16 37 20 3 29 23 2 12 17 16 36 39 16 13 29 22 26 9 29 24 19 19 9 7 14 28 1 34 37 18 11 19
28 38 29 22 39 26 31 7 9 26 38 28 2 20 12 4 11 7 29 28 34 39 26 10 21 15 39 13 38 9 13 6 20 23 20 35 24 30 29
2 39 28 19 22 14 7 10 7 16 20 33 9 28 21 4 6 11 30 17 21 7 6 21 22 23 16 17 29 26 18 8 29 31 4 31 28 30 23
15 16 34 17 28 13 32 4 7 32 14 16 20 6 13 22 33 8 7 23 2 26 4 39 35 12 21 39 18 6 28 25 14 39 1 4 8 2 9
24 29 9 5 22 38 8 15 37 38 7 30 32 12 35 1 31 33 3 8 29 29 13 9 8 12 22 21 19 31 34 26 14 20 6 7 34 11 6
16 1 27 38 25 28 39 16 20 28 10 21 33 17 12 6 12 5 36 29 6 3 20 36 24 25 37 8 7 6 9 18 26 35 14 28 14 25 39
10 36 19 21 25 7 32 18 5 14 34 23 5 31 28 30 32 20 24 11 20 30 7 35 25 8 16 10 10 29 26 35 22 39 3 34 28 4 35
35 28 38 11 17 28 4 20 23 18 30 5 24 20 24 16 12 3 17 21 17 16 31 30 31 35 36 7 26 15 29 9 35 25 7 33 29 39 39
15 22 17 11 8 26 25 11 13 34 25 7 16 23 24 16 12 6 5 15 30 1 26 16 9 39 33 30 33 17 14 1 5 8 32 32 30 6 28
38 18 39 15 10 2 32 2 3 27 20 33 9 7 27 13 13 4 25 7 7 21 28 12 20 16 19 14 25 37 16 26 18 9 4 39 26 9 13
34 28 25 33 5 28 28 38 1 17 31 19 4 22 3 14 13 2 13 36 37 15 30 29 6 16 24 13 13 12 5 1 29 29 12 38 3 17 13
18 25 2 7 24 27 10 1 5 11 12 10 27 38 12 20 24 20 24 29 13 21 5 35 16 34 5 17 29 17 31 39 27 31 31 19 30 14 33
14 16 29 36 4 12 23 21 8 34 3 38 16 8 16 19 30 9 8 26 7 31 27 6 2 15 23 24 34 9 3 24 34 24 5 31 10 24 17
28 32 3 15 22 20 30 9 25 9 9 34 4 3 8 25 10 32 38 10 35 15 9 20 9 12 27 13 10 17 8 28 8 13 16 7 20 22 14
8 15 1 12 4 11 4 10 36 24 15 12 32 11 15 16 16 19 24 24 9 17 39 33 18 18 24 32 6 20 8 6 11 11 22 30 27 9 25
39 3 28 27 34 21 28 32 32 25 21 9 10 28 10 19 34 39 26 3 38 31 4 26 32 12 27 35 37 1 7 29 25 12 17 28 14 37 11
17 37 21 19 1 11 28 17 15 23 38 5 29 14 10 16 4 2 38 37 35 9 10 29 8 15 23 32 38 14 11 6 6 5 19 31 31 4 18
28 16 34 6 20 26 29 39 12 27 1 31 30 12 28 5 24 14 21 2 13 16 13 14 4 7 24 34 4 6 8 29 30 32 39 27 8 39 24
38 19 36 18 14 2 38 38 1 30 16 21 30 4 36 28 20 8 11 35 33 37 30 6 2 19 34 23 39 5 19 11 5 22 24 19 30 35 25
30 2 29 8 34 39 2 29 34 36 2 5 37 19 13 24 5 27 34 17 7 36 5 8 16 32 22 15 13 37 24 18 4 8 18 19 9 9 22 24 1 8 19 8 15 13 26 37 22 37 28 19 19 29 4 1 39 16 14 10 22 8 25 3 22 24 38 6 21 4 14 13 37 27 37 33 38 14 7 37 14 3 4 19 29 17 25 15 10 35 14 33 14 23 39 26 1 3 34 4 4 22 37 19 16 27 38 19 13 38 34 37 33 16 2 15 5 35 18 7 19 4 25 31 4 30 31 20 1 33 39 2 7 39 24 33 7 39 3 32 8 38 6 18 17 1 23 8 34 2 3 21 29 32 28 31 9 14 6 14 18 22 1 26 18 5 12 16 15 38 30 9 31 34 17 34 27 34 13 12 5 39 18 3 34 21 33 18 12 14 15 32 22 39 36 30 29 32 13 31 3 24 27 19 15 28 13 19 5 10 9 20 15 3 2 19 12 25 25 35 14 29 1 25 8 34 8 34 17 24 34 9 25 13 8 15 29 18 24 37 27 24 12 27 3 7 36 13 11 32 24 34 10 36 35 10 26 31 17 19 33 39 14 15 12 29 32 34 13 28 27 3 34 3 34 24 24 28 28 21 35 16 1 14 13 3 21 2 20 20 2 9 23 12 23 30 31 17 24 2 36 17 27 22 12 39 1 23 5 30 18 1 27 13 5 33 3 11 35 30 31 30
11
