100 93
67 72 96 19 80 58 11 51 88 82 78 78 100 49 1 97 24 69 39 32 92 24 97 12 66 60 48 62 18 2 50 23 100 44 68 33 85 71 74 98 97 90 37 34 6 69 84 57 52 31 31 51 18 96 66 32 76 100 53 53 5 93 58 7 87 80 49 17 4 81 22 53 24 25 28 32 69 76 51 92 1 68 91 79 59 28 72 65 64 40 47 27 47 96 31 9 37 93 41 64
45 70 100 58 55 76 41 61 1 60 60 75 12 45 20 54 25 99 67 77 97 26 4 89 3 26 60 40 95 74 25 63 14 70 96 75 16 93 63 29 10 88 5 26 23 41 11 15 5 75 59 46 69 20 82 31 53 36 90 28 23 38 41 36 70 18 60 69 46 42 66 70 67 26 48 51 13 84 32 5 36 18 38 55 82 96 9 76 42 70 89 89 49 17 86 98 81 83 87 9
59 92 81 75 93 70 71 21 95 98 14 72 71 47 27 29 86 89 37 53 88 18 30 4 1 81 50 19 58 83 71 43 27 89 26 55 55 21 88 73 18 36 84 95 67 69 68 34 32 20 68 85 80 61 69 82 93 59 91 100 26 42 90 70 99 9 4 89 64 91 96 26 97 8 96 27 85 1 12 87 50 29 15 53 82 67 66 15 88 77 60 61 83 2 30 94 99 14 49 62
77 26 43 54 60 52 26 12 19 92 55 97 86 35 83 16 57 70 25 54 46 100 90 20 49 17 30 100 58 76 79 98 59 54 6 59 82 73 30 55 35 95 52 11 93 84 65 58 37 13 48 32 70 66 76 31 36 65 15 92 57 85 38 23 50 3 88 74 7 52 48 70 46 19 63 20 89 66 6 91 37 24 72 79 83 25 45 57 74 90 77 44 13 88 1 11 68 44 59 81
62 55 65 93 46 21 26 16 86 12 24 99 44 82 53 27 56 28 99 94 75 37 16 13 15 53 38 40 100 74 19 74 3 25 57 66 77 59 68 2 65 2 74 74 74 14 61 12 55 74 30 9 76 9 57 9 71 9 80 99 68 5 81 6 28 97 99 1 45 20 70 1 41 91 2 12 51 56 65 13 45 45 62 47 64 40 25 18 82 38 31 89 63 15 34 22 88 50 5 62
94 19 74 32 38 56 20 22 4 75 71 24 62 4 89 20 70 2 71 44 84 97 40 45 60 66 49 80 9 46 23 96 53 90 92 38 61 3 86 100 85 31 15 87 47 34 92 74 86 96 31 1 56 8 52 7 33 47 16 95 24 12 62 39 26 33 63 67 22 13 85 41 99 43 79 100 52 65 29 51 52 59 94 87 7 23 8 31 84 46 91 59 1 88 56 73 16 65 62 67
27 66 85 75 51 94 75 3 13 94 81 2 68 92 82 50 91 85 34 48 12 39 67 27 63 35 89 74 64 26 64 1 85 44 65 86 32 46 12 39 42 58 68 20 6 46 9 58 85 18 93 91 63 62 86 67 47 82 5 78 100 43 62 72 8 30 31 45 11 51 55 31 32 72 68 41 75 53 65 64 75 13 20 5 82 44 19 91 43 22 95 31 7 23 89 56 81 5 10 48
21 18 30 70 36 10 1 68 70 36 97 65 30 77 81 80 55 48 72 51 84 27 25 64 38 93 44 26 43 36 29 3 81 42 88 62 6 90 83 36 70 28 80 78 77 30 48 77 28 88 75 3 1 38 89 57 18 80 79 65 36 47 3 71 14 64 18 60 98 6 67 18 33 9 95 84 51 41 47 86 66 82 69 50 95 19 95 73 25 84 6 84 3 17 11 81 36 28 2 3
78 13 12 77 4 56 67 77 94 95 82 4 60 26 29 86 96 26 57 72 21 20 92 61 76 58 9 35 34 89 37 60 37 55 22 76 27 78 85 35 9 54 56 93 30 59 75 94 14 91 90 68 64 27 17 45 93 16 77 12 66 65 89 13 23 59 92 45 92 17 68 16 23 26 44 97 33 86 79 86 17 57 98 68 46 34 93 59 56 35 37 5 7 55 31 61 65 29 62 5
67 79 11 7 84 100 71 75 94 14 36 6 32 47 97 61 23 7 8 41 92 45 84 44 38 14 91 51 29 83 45 35 28 14 4 36 70 70 11 50 63 40 83 7 61 72 71 80 41 40 92 46 80 95 96 72 47 58 31 58 55 79 71 31 71 62 44 41 25 31 58 92 10 14 65 55 83 71 83 91 39 41 55 79 9 92 78 23 34 82 36 50 21 66 71 77 92 27 3 77
89 33 95 58 35 86 19 91 28 93 29 68 21 15 36 33 85 18 44 3 47 63 43 82 37 1 38 41 30 94 7 25 89 65 10 42 35 65 39 26 24 18 23 64 97 94 43 7 50 10 9 93 100 94 73 54 17 4 80 17 17 50 1 23 96 13 42 60 54 28 35 13 69 66 37 41 94 46 81 30 13 39 13 9 19 34 42 62 3 32 95 97 25 10 44 72 16 21 66 30
28 66 90 75 83 51 48 11 5 20 93 86 36 21 17 71 49 17 75 23 15 31 29 46 5 70 57 96 76 31 74 81 8 62 40 88 39 47 93 13 39 77 74 17 49 40 83 43 11 10 79 8 39 76 83 61 73 98 41 12 24 89 99 61 53 37 39 97 88 45 3 14 39 83 89 13 35 17 100 47 23 33 24 3 99 61 7 60 30 86 35 12 17 86 66 79 95 31 56 82
37 24 33 40 92 65 84 1 98 12 39 9 67 29 35 48 39 59 30 85 93 55 65 27 25 55 19 54 50 36 92 27 89 3 68 91 45 72 27 56 65 33 18 21 15 18 26 59 16 30 89 44 61 10 98 64 16 86 31 44 64 60 41 18 10 61 73 73 20 94 64 96 6 69 15 25 80 54 12 36 5 42 53 10 31 25 46 56 77 91 57 95 6 72 99 49 50 39 99 2
56 26 80 6 77 42 95 82 3 92 18 96 80 66 76 25 10 91 44 100 2 80 14 86 33 30 10 11 53 61 97 65 97 95 9 7 70 12 17 36 10 22 8 88 80 17 37 60 2 92 97 8 56 12 48 23 2 19 57 25 34 60 89 63 86 22 12 81 28 70 34 56 49 14 18 35 28 61 4 93 52 6 41 28 27 8 8 35 78 89 86 72 15 48 45 16 32 36 25 1
70 24 92 100 25 62 80 7 2 61 77 4 7 70 86 89 71 89 64 97 12 3 69 11 2 61 50 49 29 89 77 1 61 95 18 34 46 4 64 11 91 5 30 39 13 27 78 19 82 89 27 55 3 19 98 92 37 66 71 49 25 82 47 40 89 69 49 78 98 52 96 96 26 59 47 70 33 34 88 2 100 26 12 73 34 8 26 56 88 85 78 65 43 25 78 20 46 66 26 76
55 84 80 64 6 89 78 13 8 35 32 89 51 70 61 87 63 65 79 16 34 74 60 83 68 46 66 100 25 52 76 39 90 3 62 90 64 89 53 43 92 5 81 95 13 65 97 14 92 81 9 92 46 64 67 49 1 21 30 93 20 42 17 6 3 4 73 61 26 27 38 79 34 32 51 44 5 87 13 74 44 42 45 92 4 81 81 79 1 54 39 87 9 85 27 16 85 69 40 85
5 82 52 83 41 86 19 8 39 63 13 25 87 85 55 16 77 7 64 29 97 16 71 38 76 1 55 73 10 95 4 19 7 58 35 94 47 26 85 68 81 60 1 62 77 1 24 73 46 68 49 49 76 55 27 96 65 50 36 93 4 53 59 9 56 64 99 85 68 4 54 3 15 52 46 41 17 6 92 77 60 68 71 7 62 69 37 79 50 28 3 41 31 94 17 8 1 94 39 81
99 32 54 31 74 17 3 16 48 19 92 62 64 34 73 68 32 95 89 1 23 49 34 99 47 59 43 52 13 13 38 77 11 4 68 89 10 27 25 77 64 15 61 1 82 18 82 72 100 100 62 2 58 65 70 30 84 10 61 7 83 76 95 15 6 97 77 26 61 54 21 10 72 22 63 56 95 61 65 73 11 97 56 88 75 94 26 60 95 54 96 2 24 69 13 13 21 67 10 60
4 53 40 54 57 8 38 57 59 79 72 64 70 37 46 2 85 30 23 70 10 80 77 4 33 84 6 78 92 75 31 47 6 85 20 94 96 94 11 76 85 15 25 19 81 25 9 73 1 86 75 82 45 86 46 39 48 64 29 30 19 3 84 64 28 70 22 31 56 54 82 85 86 8 41 92 84 96 23 31 20 15 37 19 86 82 90 98 76 72 100 75 66 5 80 68 4 75 88 81
44 60 91 19 59 78 77 47 99 39 2 43 48 20 79 34 93 92 96 35 34 36 65 75 49 63 8 32 1 77 78 28 95 25 99 28 47 78 55 79 90 13 32 62 23 77 46 16 2 75 40 50 52 20 32 81 70 51 80 76 38 50 95 29 99 28 100 40 52 89 28 82 92 35 83 53 90 19 43 91 22 22 44 52 100 64 45 7 5 92 38 8 19 7 16 8 83 21 99 53
32 9 77 74 17 1 59 93 13 42 18 30 89 6 46 96 15 96 56 38 25 56 16 82 58 92 58 22 62 22 1 93 19 36 71 21 78 63 7 89 38 72 4 84 76 63 30 19 70 28 53 77 19 34 56 67 26 91 37 91 3 1 9 95 48 76 6 45 83 20 18 22 30 37 95 12 92 16 15 40 72 85 54 39 67 77 1 76 94 17 61 33 81 93 2 6 74 57 51 8
68 14 23 21 3 18 69 12 6 61 23 3 77 53 91 96 51 17 34 93 34 12 47 37 65 28 14 12 62 63 59 54 60 69 21 61 8 5 54 51 34 55 78 92 26 1 78 57 12 53 83 81 32 48 63 66 48 48 70 74 3 19 70 66 46 50 2 28 29 81 14 20 45 79 57 54 45 8 40 98 49 47 97 35 29 26 58 29 24 43 28 54 49 20 98 53 31 54 91 21
76 4 76 92 74 55 95 73 90 69 52 30 73 71 20 41 48 35 2 32 3 39 22 11 72 34 9 55 36 29 1 45 62 6 92 29 3 55 96 64 46 38 37 70 62 92 79 80 75 97 35 33 40 45 25 9 29 62 20 18 4 60 86 55 25 83 54 19 70 84 5 32 21 46 63 54 32 5 11 28 71 55 62 40 51 80 1 87 19 94 76 44 76 35 2 63 28 70 99 68
28 64 71 63 15 27 90 69 43 65 71 29 47 18 59 44 39 98 88 34 27 12 49 72 23 45 100 61 89 89 79 5 41 62 21 10 57 42 27 48 1 88 20 54 63 60 45 82 68 30 83 48 64 19 62 52 80 15 4 94 11 62 72 23 2 47 39 11 26 78 18 83 3 52 47 79 94 79 21 37 11 33 1 73 81 72 80 69 83 20 78 28 65 95 88 50 87 59 78 9
37 37 77 36 79 26 89 49 51 88 61 55 75 14 34 90 33 14 51 58 12 87 31 57 55 95 34 93 44 100 50 92 62 51 65 24 34 46 15 13 65 94 75 90 89 61 57 70 98 16 72 84 82 42 97 65 86 1 9 61 96 54 77 96 28 92 29 29 93 95 59 39 28 91 19 30 71 86 58 50 85 4 31 83 22 59 94 20 61 83 77 68 82 23 95 40 1 38 29 15
23 23 4 16 36 10 37 80 1 16 39 44 82 55 57 38 39 93 28 71 56 75 73 96 4 38 2 64 7 40 24 44 68 81 67 29 94 27 13 2 96 1 77 22 22 28 93 94 81 5 75 2 49 10 8 12 28 18 48 79 58 14 46 74 90 45 50 17 21 47 11 60 28 29 79 3 25 22 5 19 61 10 100 66 51 29 14 72 91 40 39 80 77 21 75 31 10 3 1 39
74 57 29 58 67 64 67 79 50 57 81 6 29 11 32 88 89 58 90 6 13 46 61 74 9 95 84 73 26 64 22 52 10 45 38 37 46 6 54 15 27 31 91 14 17 45 17 61 14 33 68 64 46 39 32 30 60 97 37 86 31 68 5 80 13 6 29 23 43 39 12 27 14 41 98 27 86 58 3 34 60 63 10 66 65 78 83 23 54 7 57 4 89 46 6 61 35 46 62 57
50 21 48 1 22 50 99 64 66 11 43 21 86 5 49 19 16 51 1 3 8 61 48 61 74 33 59 47 10 91 95 58 24 47 32 63 100 45 35 79 91 23 92 47 93 90 58 3 21 25 78 54 41 87 45 60 83 58 55 42 29 12 52 88 84 19 64 97 58 95 60 60 54 58 27 42 58 68 50 15 30 30 19 33 21 54 58 28 14 66 67 31 59 3 66 65 39 6 56 90
42 66 54 86 66 93 77 70 17 47 96 87 41 46 36 64 54 26 85 36 9 38 14 99 67 82 88 4 35 48 96 42 68 9 80 52 68 11 30 17 49 65 53 17 41 48 25 38 15 100 50 34 45 40 94 24 13 82 31 90 26 29 18 2 99 69 65 35 11 96 100 94 63 9 65 88 54 9 51 79 65 23 48 44 17 18 85 88 13 98 57 93 46 52 40 11 96 61 25 92
53 51 59 91 86 97 6 82 59 66 42 25 85 57 18 42 86 54 26 95 76 46 43 50 65 82 64 98 90 58 52 75 39 81 42 84 33 54 95 66 1 7 87 39 7 66 45 10 2 82 33 97 39 95 59 76 46 6 35 22 81 19 87 11 50 8 17 4 43 14 84 12 8 81 35 48 18 10 92 64 82 20 74 34 81 84 62 61 3 64 24 33 47 20 71 31 35 8 19 87
78 37 23 36 17 27 39 64 91 36 57 68 4 1 61 59 22 89 84 96 20 23 71 32 76 97 73 66 67 92 19 85 92 41 67 27 97 45 1 70 58 20 45 9 85 24 48 41 81 81 14 39 39 61 41 33 3 69 72 81 37 57 54 34 6 49 44 26 61 72 7 83 24 70 86 84 87 88 8 61 54 99 74 40 77 68 25 86 44 83 65 81 57 2 11 17 38 24 31 36
98 97 63 62 2 67 89 49 33 86 100 50 59 42 80 74 38 91 4 30 41 34 31 78 56 4 92 39 84 78 82 36 15 63 70 96 10 53 2 4 20 17 88 53 90 40 99 87 32 59 86 97 45 42 90 60 20 6 27 59 49 2 91 82 48 36 79 64 30 98 16 98 69 84 64 96 93 27 13 17 29 82 88 42 9 50 94 96 20 85 52 34 48 65 70 42 28 8 84 95
33 80 18 54 12 66 87 3 14 44 58 73 10 84 51 64 51 91 70 80 77 42 37 5 27 15 20 89 29 36 32 77 94 100 45 49 84 17 1 95 14 14 53 5 29 18 37 63 84 31 88 9 32 68 24 49 89 42 52 89 93 5 36 54 35 58 87 74 18 38 7 20 87 47 52 63 75 36 99 28 11 72 51 40 89 23 85 83 89 19 29 71 4 38 97 5 83 23 30 28
95 4 96 23 54 39 82 67 83 62 36 67 91 48 74 13 1 42 37 7 22 66 44 60 58 85 45 5 93 23 30 98 78 2 78 12 96 35 80 65 77 26 4 33 57 60 17 71 76 2 59 70 1 64 69 36 29 45 8 5 94 81 50 10 79 79 70 26 41 47 60 80 40 55 27 69 7 65 25 14 85 18 86 25 90 12 64 83 24 21 12 64 69 28 70 7 75 95 70 31
12 43 52 79 69 98 88 33 81 20 94 98 23 62 66 54 36 25 58 34 4 2 29 37 2 25 53 56 63 61 50 30 36 25 55 50 6 47 55 84 45 1 44 20 5 49 41 76 40 54 84 24 89 16 18 54 40 36 63 29 42 14 56 80 43 56 27 39 67 48 42 100 91 5 9 86 32 26 59 38 50 1 50 8 34 43 68 84 74 71 97 36 8 59 89 67 81 20 42 80
21 28 57 93 13 66 13 37 67 50 97 96 8 59 4 49 89 61 19 1 27 54 40 39 89 29 51 24 6 6 17 39 49 3 4 98 94 4 68 62 29 80 34 54 10 83 42 34 84 7 12 1 90 86 3 63 27 42 93 38 94 67 92 67 50 99 18 100 66 71 29 61 23 46 51 100 46 26 12 1 67 62 41 49 74 86 95 35 27 13 99 29 40 58 100 62 32 76 74 69
11 16 57 70 57 23 66 96 56 49 50 13 42 29 25 20 83 79 31 3 28 15 53 8 63 88 26 24 98 25 59 25 40 81 58 49 45 71 84 24 78 30 83 77 43 89 76 71 96 96 50 93 4 65 100 91 50 16 7 36 50 40 42 14 14 63 36 21 64 77 46 35 54 85 58 44 25 90 56 75 27 54 64 93 15 91 78 64 95 45 67 53 91 88 42 96 79 51 9 20
36 36 68 50 26 97 86 86 11 88 57 6 91 90 16 1 51 97 50 2 56 21 27 73 51 61 91 91 43 8 6 40 16 9 80 99 4 55 35 69 66 14 92 61 54 84 86 88 94 58 73 46 49 96 49 6 35 70 65 22 13 93 100 77 48 62 8 11 46 59 83 90 31 31 29 50 27 17 12 65 19 46 90 62 32 10 7 88 60 99 94 50 47 61 37 83 47 30 49 8
59 42 88 66 13 47 55 4 43 14 59 41 93 3 46 6 77 32 43 93 98 16 26 81 53 53 85 29 98 23 82 5 25 89 14 49 2 80 48 12 21 31 58 16 81 90 98 66 17 94 50 18 98 78 93 95 81 52 55 8 45 84 14 57 94 84 41 45 33 14 34 16 88 99 83 12 13 30 22 15 34 6 96 88 28 59 19 43 82 36 8 61 55 51 65 57 28 36 91 63
54 9 47 14 2 64 30 37 80 77 2 38 73 64 52 12 31 69 66 18 83 56 58 48 39 18 51 36 80 34 17 95 78 84 5 72 17 92 52 18 88 79 39 22 89 92 20 47 5 23 10 30 8 20 71 80 44 27 75 39 66 51 53 12 88 40 1 88 79 27 4 60 41 79 63 36 7 62 52 54 28 41 18 92 30 27 41 15 65 27 32 46 1 60 47 44 75 83 53 34
74 96 92 10 51 74 13 42 24 72 80 36 82 14 80 33 77 77 62 100 59 9 56 67 60 89 49 62 39 84 57 35 17 17 23 96 99 55 29 15 96 87 74 72 49 37 51 32 45 85 81 5 2 97 85 26 69 8 63 22 79 37 89 73 100 28 6 72 28 8 76 61 90 69 21 99 96 39 75 95 75 96 1 10 37 5 7 12 46 14 7 75 59 100 45 15 85 89 66 78
84 76 100 94 94 77 15 73 37 62 88 28 65 25 67 92 100 31 97 58 74 43 13 48 82 83 82 68 27 29 94 72 11 55 43 61 63 44 87 82 7 15 13 14 78 3 92 90 100 93 58 96 25 27 56 44 3 38 1 50 23 90 58 17 7 47 82 12 75 23 81 29 81 65 38 2 88 46 62 28 18 3 13 84 9 38 38 79 61 17 93 36 42 36 13 63 29 19 7 62
6 12 21 1 99 67 17 93 90 86 10 58 63 4 18 38 16 30 36 50 87 72 79 80 39 8 90 85 82 31 51 27 72 26 33 100 27 44 19 66 59 70 84 34 15 40 10 61 10 26 97 57 17 62 70 57 87 67 77 83 67 59 97 43 47 17 89 84 92 94 68 76 30 77 9 85 41 6 63 23 70 38 84 27 14 62 8 28 4 17 34 73 28 51 12 30 99 53 64 96
81 70 29 4 59 69 61 51 2 71 84 52 83 60 60 24 69 57 17 32 30 50 42 16 84 47 73 22 87 28 7 54 69 75 63 36 48 21 46 18 29 2 88 76 4 79 83 35 45 81 49 17 15 42 33 37 74 49 22 88 82 100 24 68 26 56 84 50 60 9 49 37 81 74 47 91 47 27 21 63 11 3 59 40 37 66 69 70 50 24 11 44 20 19 65 46 30 84 51 72
21 96 76 55 47 32 65 99 64 69 57 12 78 55 75 25 84 67 3 42 24 18 75 33 91 7 17 2 9 29 55 19 80 43 83 46 44 45 72 55 47 6 6 60 51 29 30 67 37 57 29 45 72 14 99 36 58 85 71 8 26 13 47 13 72 1 20 93 60 11 16 94 13 88 51 52 78 99 3 16 71 99 49 12 1 21 29 19 81 1 3 74 29 23 55 11 85 34 41 25
9 73 15 44 57 58 21 9 64 65 11 52 62 29 72 91 54 34 68 31 22 66 68 73 1 40 29 43 25 55 83 22 17 48 7 22 31 26 79 77 45 41 78 89 54 82 13 7 13 4 63 70 35 100 72 95 67 87 25 11 47 26 71 57 80 67 39 10 26 71 47 74 81 78 76 92 30 88 45 73 45 90 68 13 97 51 36 12 26 14 34 73 20 96 72 66 92 87 61 9
59 71 5 76 14 92 82 64 21 38 26 1 71 50 42 11 49 44 49 89 38 10 79 91 45 95 69 97 74 9 86 61 100 40 71 4 90 79 2 99 58 78 94 6 12 82 78 62 35 98 78 6 85 29 88 85 50 50 47 31 40 100 46 26 15 67 14 36 61 5 61 25 80 45 33 72 40 90 64 51 34 44 64 69 73 65 67 18 35 4 63 36 26 14 51 74 14 92 41 88
10 22 19 84 12 82 54 74 11 46 53 2 47 3 51 2 22 35 64 82 40 63 23 51 17 94 21 42 87 65 22 20 54 18 95 98 42 24 40 67 71 61 74 90 19 88 42 39 79 100 12 53 86 99 16 38 76 65 60 58 57 18 71 24 58 39 88 21 96 3 95 34 80 55 14 65 2 79 15 4 24 73 29 43 25 18 55 56 8 76 66 7 66 34 96 20 3 65 43 95
23 52 78 66 91 69 41 46 83 78 80 29 46 26 97 10 49 13 84 7 56 60 40 23 38 19 45 40 11 82 28 99 52 68 19 53 89 92 53 44 20 7 58 4 71 67 81 50 37 10 53 60 75 68 52 75 94 48 60 100 89 82 36 61 20 57 59 56 34 2 67 55 81 7 51 48 67 51 18 6 96 74 42 3 7 48 98 71 84 54 36 49 98 39 80 34 89 19 87 96
6 18 5 1 7 34 76 11 83 39 37 17 56 48 87 82 17 66 91 61 11 21 5 53 17 56 49 52 2 68 69 54 65 14 53 72 73 70 76 46 5 80 42 27 96 86 87 33 47 74 53 22 99 79 100 60 62 62 54 54 13 69 69 82 24 50 72 88 75 33 37 80 79 93 56 16 86 53 8 70 8 69 88 15 96 49 29 97 100 28 2 23 56 85 13 14 38 94 90 83
7 33 36 72 55 98 65 26 47 77 18 59 96 72 51 39 84 11 18 64 39 76 61 93 61 61 96 5 20 6 38 20 23 1 5 79 92 85 35 88 35 14 70 60 9 52 77 53 80 58 89 67 78 44 18 74 7 76 91 81 35 29 90 8 35 68 98 85 16 15 47 37 59 26 77 93 23 9 41 23 13 99 51 96 46 70 42 76 77 36 92 37 70 72 35 75 67 85 3 6
50 1 6 21 83 53 59 25 99 11 20 62 97 61 8 5 11 73 12 44 18 92 52 16 76 29 69 84 41 96 99 50 72 68 53 63 51 57 29 92 47 47 5 59 28 13 15 81 10 27 33 2 60 29 66 64 30 94 6 96 94 17 15 79 35 100 31 20 20 27 42 71 10 29 74 19 25 16 6 47 23 57 24 26 53 75 38 85 27 13 9 88 86 92 25 42 94 59 49 12
23 81 86 69 68 47 47 43 83 20 65 3 61 90 54 16 84 50 1 2 96 13 22 53 98 89 3 45 62 83 4 57 61 14 72 95 40 66 23 21 68 82 25 57 78 14 4 13 38 30 63 86 25 73 74 66 76 76 96 79 58 14 95 2 96 91 19 11 4 71 69 76 56 81 52 45 1 93 89 6 12 75 3 48 15 89 28 95 58 55 1 87 56 67 10 49 9 42 100 81
45 84 48 6 54 83 42 94 27 31 49 10 26 90 89 84 7 66 31 100 13 77 31 28 7 45 31 53 55 93 80 34 54 10 18 23 83 13 62 43 14 81 7 57 25 14 71 39 69 89 3 8 24 48 2 5 54 99 34 82 68 14 57 26 78 57 45 40 43 51 100 80 12 18 98 81 78 95 45 95 40 51 83 51 62 33 32 76 67 23 65 10 78 21 64 99 21 15 94 44
58 31 28 11 5 8 63 81 5 38 9 53 64 69 62 92 79 26 14 44 91 72 94 63 99 44 96 46 69 59 60 92 5 73 48 82 85 77 20 77 19 57 15 48 82 83 37 44 79 12 31 92 54 63 75 12 20 33 23 18 44 66 81 84 40 53 91 67 65 46 74 36 42 97 49 12 93 17 94 8 2 27 66 20 55 47 1 79 9 30 32 88 90 33 68 79 95 96 53 97
21 44 51 13 32 95 97 41 86 66 87 18 72 51 11 80 36 76 86 50 82 13 27 19 61 86 16 46 89 57 75 96 42 84 22 34 40 30 8 56 69 65 35 91 71 39 63 88 72 14 28 71 44 98 88 25 38 51 1 80 31 90 94 92 25 23 32 68 74 47 38 35 48 71 85 38 94 50 17 96 88 84 38 5 5 1 40 76 34 2 30 86 14 93 36 66 56 81 10 81
34 75 60 52 1 40 95 56 64 27 45 7 55 19 39 15 88 27 94 34 13 72 29 38 22 86 72 49 92 62 64 95 37 10 81 34 5 82 33 17 29 79 12 38 92 63 14 30 87 35 97 96 36 61 87 55 92 4 16 100 12 90 72 25 38 20 76 39 40 96 52 97 34 69 40 60 73 73 12 16 93 44 33 26 71 68 31 19 53 29 90 2 7 13 88 95 10 5 100 3
61 29 26 6 8 24 64 97 67 99 34 47 16 48 58 61 57 70 24 57 82 58 30 56 37 50 21 88 59 15 69 2 42 13 86 61 19 12 88 99 60 88 78 62 38 84 91 90 90 30 20 87 76 41 50 18 95 39 82 15 89 3 29 53 18 68 46 25 38 33 90 26 52 58 90 19 87 28 87 19 63 40 30 14 84 14 26 53 3 2 49 22 77 39 84 94 60 34 96 96
20 99 57 73 52 14 16 11 33 89 22 73 66 82 31 34 67 25 97 6 84 93 77 92 87 80 39 67 27 52 60 12 44 3 12 17 44 39 18 7 87 25 7 58 40 1 91 69 55 74 90 39 95 38 92 74 69 61 46 20 47 3 57 82 41 49 8 38 35 49 3 89 30 11 31 25 72 92 73 19 6 62 72 81 76 95 13 79 3 87 42 16 2 94 14 20 48 31 9 86
58 81 99 3 11 98 56 94 49 14 1 30 62 20 1 90 97 57 86 27 24 21 45 56 44 30 19 43 46 5 79 66 88 93 43 61 51 33 47 83 34 26 94 69 27 59 92 39 37 45 64 40 82 2 100 61 78 15 33 98 17 89 50 43 19 8 41 3 35 80 3 43 35 24 19 74 39 26 68 75 44 80 24 37 66 23 19 68 26 89 14 9 73 67 100 45 39 14 76 81
74 88 48 41 60 60 86 12 2 92 63 83 60 60 22 12 59 60 63 58 53 68 41 44 9 12 2 3 55 97 17 40 46 83 6 39 45 36 86 55 51 95 34 58 81 87 89 27 96 68 14 100 54 74 5 35 78 5 24 36 39 36 79 44 10 16 94 30 3 77 58 88 2 51 82 10 27 76 42 62 99 14 36 41 82 83 83 71 11 76 42 54 23 79 3 31 46 10 21 52
48 36 67 59 81 17 14 4 60 57 100 17 53 44 79 66 28 28 89 2 27 64 44 74 1 97 86 86 50 63 58 12 19 32 10 56 37 50 81 75 25 83 7 73 53 75 29 13 78 88 94 25 88 10 34 63 49 11 35 60 73 72 49 54 65 59 69 47 87 72 65 57 78 17 45 12 7 47 40 62 64 90 97 96 25 18 16 36 90 25 75 75 49 9 86 46 2 15 21 69
82 87 46 8 77 22 51 16 39 89 16 75 40 80 22 69 1 28 84 36 53 55 99 53 93 6 35 78 1 21 52 83 88 89 30 92 13 34 6 64 59 69 5 75 48 69 98 74 100 8 29 28 11 26 16 67 82 11 54 17 35 79 37 62 85 36 18 67 74 58 50 76 41 20 57 49 31 36 49 22 23 8 42 85 23 7 47 34 89 68 37 33 65 39 23 87 58 78 32 90
26 80 52 59 81 12 24 77 41 92 92 1 52 42 29 56 47 22 66 7 8 8 33 72 69 61 19 80 80 86 77 5 45 68 86 73 61 13 11 63 65 91 3 52 88 35 94 2 47 48 35 75 84 14 25 38 53 93 25 42 17 89 5 39 75 50 33 12 3 47 79 80 95 66 51 32 19 12 28 43 78 97 1 38 35 15 83 59 85 75 43 57 19 5 69 68 75 7 71 73
4 84 46 86 94 98 46 24 7 25 71 72 95 86 8 57 8 70 10 49 45 70 81 58 27 60 62 92 78 52 54 68 89 82 52 51 89 16 10 36 92 22 37 18 67 77 37 52 3 19 18 35 16 87 97 14 69 59 3 67 99 51 78 18 26 97 67 99 23 24 100 86 35 65 65 27 87 88 22 30 55 46 84 21 13 58 40 93 14 49 74 64 45 96 57 86 26 67 39 98
15 10 59 59 75 69 79 54 77 34 89 83 5 44 17 57 27 96 62 92 7 51 35 45 66 25 8 33 28 87 45 53 19 60 82 61 10 35 46 47 52 4 22 48 55 42 25 46 8 59 28 43 90 16 77 80 3 51 73 98 78 21 88 27 79 34 69 46 26 94 66 2 92 79 97 61 71 19 62 53 28 57 53 50 52 85 60 100 12 3 64 50 51 34 49 32 23 11 83 44
51 72 82 66 89 28 83 61 34 29 49 72 44 79 34 94 24 65 3 10 62 65 87 32 75 71 34 43 78 72 41 35 18 19 80 19 12 9 85 83 19 1 26 99 57 12 63 88 1 74 84 77 65 36 43 79 84 60 40 5 84 65 2 56 12 11 71 92 64 62 12 99 92 56 1 88 36 41 87 87 13 93 79 40 36 92 52 89 63 41 30 93 29 58 13 54 49 29 19 65
11 22 37 74 26 91 88 27 94 3 11 80 30 20 81 40 1 10 25 78 89 19 92 83 33 14 72 13 38 20 54 54 79 95 62 25 73 98 55 21 42 40 69 11 13 41 89 61 50 5 55 20 95 59 24 12 14 6 74 62 23 63 96 56 21 60 81 2 11 59 73 89 86 93 32 64 86 23 83 52 70 27 31 78 18 15 95 80 47 97 77 67 9 92 19 64 96 21 47 6
99 32 24 67 1 79 34 97 34 88 63 46 21 62 89 59 95 57 38 21 86 44 37 1 85 72 77 91 13 95 27 85 80 1 31 67 1 78 63 60 12 72 49 80 41 61 51 17 68 61 85 18 64 55 33 55 44 60 53 37 1 70 40 100 7 59 13 95 83 83 84 14 83 58 82 27 28 40 3 33 58 1 7 54 22 97 79 35 9 14 62 89 20 76 82 70 76 97 54 83
20 98 10 18 35 43 98 58 91 24 27 40 77 41 51 55 89 69 62 82 25 54 13 77 48 5 97 83 99 7 26 33 51 71 36 44 98 58 31 20 84 26 49 90 51 77 5 47 33 28 48 7 26 55 87 1 62 93 66 55 28 63 51 20 40 64 40 43 59 63 62 31 90 32 100 19 87 73 96 75 86 80 17 3 38 87 90 43 75 49 58 46 89 51 64 71 90 81 28 57
98 17 30 6 97 16 54 100 60 37 76 3 57 46 59 8 59 38 66 20 95 3 4 77 9 65 2 6 62 54 86 12 15 31 98 64 30 61 45 25 11 74 100 39 7 47 65 11 96 8 2 72 61 27 31 88 91 60 1 32 8 99 100 37 69 38 73 65 18 11 76 7 35 47 52 19 87 24 84 84 44 58 7 76 82 13 72 79 6 24 66 97 82 64 13 42 83 6 2 65
27 98 66 13 53 58 6 4 38 99 47 37 90 86 93 33 24 27 16 88 10 88 24 12 65 2 36 40 55 38 29 93 59 33 59 17 7 23 72 34 27 8 34 84 63 57 7 48 88 40 89 22 99 68 83 66 2 64 62 41 53 13 73 99 100 89 35 9 8 65 61 91 77 100 86 11 60 27 13 52 51 35 34 48 67 9 50 19 56 68 8 69 93 95 90 42 94 51 2 40
75 54 56 71 38 71 34 16 82 43 69 13 74 38 53 11 23 21 53 76 68 52 26 63 47 39 95 50 11 60 69 56 4 86 22 70 89 32 1 28 32 29 66 37 37 53 66 49 88 28 80 22 90 98 85 61 36 51 22 38 86 7 60 42 31 89 85 86 49 52 30 27 38 57 58 88 59 42 50 96 80 43 48 30 7 75 32 17 69 52 40 34 38 14 95 61 59 58 57 32
56 55 64 56 53 83 76 28 21 41 94 43 33 85 100 33 18 83 66 6 3 55 7 55 44 77 85 26 14 75 29 90 59 78 19 36 96 62 86 52 71 81 35 86 32 97 78 63 83 35 41 10 38 97 37 82 87 96 4 9 42 41 14 27 19 63 10 4 10 69 38 80 100 14 27 100 71 1 46 83 92 66 66 7 11 76 88 36 35 67 45 67 42 88 23 88 20 83 6 99
75 11 43 88 100 76 82 91 67 69 67 68 58 69 92 97 14 55 37 16 84 87 74 95 59 99 52 23 68 78 4 65 100 30 73 1 94 61 3 12 67 16 17 91 29 69 97 53 2 94 3 26 45 5 11 19 40 2 83 51 40 38 29 61 73 56 83 6 86 30 88 12 52 74 50 53 90 11 100 41 33 18 48 85 87 19 66 28 87 11 7 49 87 23 89 88 52 72 98 96
23 33 81 25 40 95 13 56 69 15 60 28 14 81 85 77 33 39 89 93 58 52 22 39 13 27 92 94 46 78 70 75 83 64 35 66 39 8 35 83 56 41 36 73 1 56 83 20 81 30 79 15 29 29 29 47 88 95 19 2 41 5 63 38 8 57 55 67 82 50 18 2 9 84 57 1 77 69 57 26 41 79 88 45 74 5 94 31 69 76 85 14 74 38 6 43 89 37 95 28
99 87 3 13 33 42 86 64 23 99 41 78 59 29 23 66 40 78 65 86 1 41 87 5 19 48 99 63 61 38 42 19 97 14 54 15 95 64 11 73 25 89 31 66 10 49 87 54 48 60 2 82 86 18 77 42 7 97 50 12 41 32 12 61 2 86 17 32 55 82 34 10 20 11 13 64 46 56 3 46 3 18 38 81 6 57 29 64 82 43 28 12 10 76 16 86 63 11 33 85
4 85 84 48 100 66 34 49 35 76 94 29 80 36 86 61 64 31 100 69 41 87 88 17 33 67 53 81 41 95 90 78 47 1 76 1 21 32 2 22 51 70 7 63 52 98 30 33 63 21 35 12 84 36 57 3 85 71 79 68 4 58 7 50 79 82 91 75 41 71 11 58 39 88 64 79 48 17 32 29 50 4 9 83 81 50 42 50 80 89 50 60 100 24 10 46 93 66 22 51
64 27 23 22 83 88 72 56 41 90 23 70 36 74 10 34 56 30 9 49 98 94 52 11 44 4 24 32 89 72 24 66 62 39 63 42 86 34 71 44 100 21 10 100 89 68 62 89 36 88 83 77 27 32 50 24 3 46 91 35 4 82 58 19 64 47 90 97 94 16 67 23 15 17 80 87 9 78 53 68 71 61 35 54 100 11 92 25 35 12 79 22 17 13 47 74 79 31 35 43
54 40 41 36 60 18 73 51 33 63 4 18 94 45 88 9 51 9 51 58 78 77 30 53 88 54 47 59 63 4 43 49 14 52 39 86 64 58 18 38 26 30 36 67 90 60 26 31 86 10 54 1 91 49 29 27 28 13 40 36 42 53 92 29 4 66 34 69 65 95 25 52 79 60 35 10 60 73 50 29 8 30 37 35 87 79 38 18 33 63 69 59 6 29 35 66 44 79 94 85
42 40 49 10 95 60 36 55 71 39 86 28 35 39 96 18 73 11 9 63 54 24 29 2 79 72 32 66 96 88 91 87 58 51 42 5 17 80 70 86 49 81 30 36 83 1 80 96 72 81 89 73 60 22 35 14 35 67 52 21 96 57 35 55 95 97 94 76 95 58 83 86 90 9 6 27 50 62 64 53 20 28 65 77 70 42 85 22 13 63 27 51 88 45 29 36 62 77 56 49
29 100 4 20 13 52 64 15 2 47 23 28 8 24 90 13 14 62 55 30 88 64 59 35 9 8 20 7 43 70 81 3 2 42 14 22 48 100 47 62 44 99 4 81 23 87 16 53 50 16 52 16 90 80 40 27 75 94 64 56 85 21 26 32 26 70 52 6 5 34 78 96 46 39 72 89 34 7 55 5 88 26 18 93 90 41 11 33 54 72 13 39 75 22 12 46 6 32 82 46
67 5 81 38 68 6 11 61 95 52 11 82 13 42 90 59 41 90 45 2 75 99 31 20 86 85 51 78 30 27 62 75 2 79 95 27 92 90 54 79 97 17 12 17 92 69 38 26 43 84 35 24 47 45 64 86 85 56 36 99 40 79 19 71 7 45 27 56 72 87 69 97 30 17 85 5 66 71 20 47 35 45 61 96 18 64 34 55 56 16 44 97 5 91 69 98 10 16 17 15
64 91 95 10 23 16 59 43 85 71 29 35 80 89 22 66 94 75 90 97 77 10 37 78 35 61 79 34 47 95 45 92 22 68 21 59 32 61 62 89 33 90 78 26 17 88 53 40 34 67 61 12 92 71 2 24 92 75 41 100 88 37 96 32 6 73 12 58 92 13 56 51 62 4 1 70 22 13 55 66 84 17 31 17 69 82 88 90 54 39 100 100 59 23 59 87 97 1 23 36
66 75 62 27 21 79 79 47 58 98 2 21 74 77 69 50 42 100 56 28 6 66 24 45 63 15 81 56 98 66 4 11 66 4 81 39 30 21 18 35 29 51 55 61 63 82 60 80 73 100 33 2 51 21 10 92 15 34 80 10 13 55 69 82 14 93 95 26 79 37 41 33 75 31 37 45 46 56 67 39 38 81 53 99 75 17 38 23 90 32 75 63 18 88 48 55 83 85 81 28
44 78 72 50 58 78 47 4 37 75 19 18 41 20 79 27 26 88 95 23 13 53 71 80 38 89 85 82 82 12 87 75 49 78 12 8 42 4 60 56 33 20 60 35 48 81 71 93 75 8 50 29 46 84 65 53 91 23 21 52 100 62 76 100 19 32 98 4 88 25 17 42 65 48 22 88 90 51 83 13 35 3 19 97 32 94 67 53 8 4 81 5 71 36 60 3 38 94 28 83
54 71 68 97 80 88 47 87 41 93 78 65 26 70 32 31 20 92 51 63 93 88 33 80 52 90 67 87 53 38 7 64 63 81 58 94 87 80 59 31 42 71 34 38 27 81 51 95 94 4 54 78 51 58 6 39 17 96 37 75 92 52 16 48 58 23 93 33 51 45 96 98 10 88 76 81 45 38 23 17 50 40 15 5 81 6 22 24 50 56 83 52 23 93 40 20 81 53 2 81
8 33 48 57 11 33 22 85 88 72 72 19 51 37 87 46 3 30 44 89 38 32 61 52 48 10 2 28 57 78 93 10 22 10 75 14 70 28 46 1 66 100 40 43 47 49 99 3 53 3 68 15 17 30 41 58 43 77 96 41 85 63 37 5 19 100 29 74 54 24 60 82 87 91 34 67 8 96 1 60 8 41 65 65 21 10 87 68 79 17 49 5 37 33 45 17 82 14 99 77
74 88 59 48 75 62 73 82 92 24 42 99 45 20 44 23 34 47 10 31 91 42 5 17 43 71 10 20 6 33 86 91 59 28 24 78 84 12 49 48 97 61 46 17 34 75 37 5 19 9 6 99 97 93 43 35 30 18 48 65 2 100 19 1 17 36 34 21 9 80 45 100 100 65 56 9 34 55 37 44 50 34 15 65 78 51 8 93 26 70 66 3 2 30 70 71 73 32 91 44
42 21 85 49 19 40 53 41 62 8 84 43 74 65 34 28 91 60 4 24 48 62 46 13 3 96 51 65 77 56 92 45 16 38 89 22 43 88 74 16 73 23 2 19 64 89 97 7 40 47 17 54 98 15 77 1 57 33 4 37 99 24 15 94 68 96 2 34 15 59 17 90 21 19 82 42 93 86 40 9 87 93 98 66 72 82 23 39 64 31 65 60 43 58 35 31 45 68 2 55
86 95 54 6 8 64 17 73 8 12 63 4 75 20 32 92 82 93 21 97 86 70 72 70 49 90 57 73 97 89 94 42 42 16 58 9 74 86 87 80 81 63 27 64 44 37 19 91 81 5 66 26 41 33 22 26 8 6 43 12 88 86 97 62 63 19 18 83 71 38 43 38 17 81 51 30 42 71 28 23 17 68 73 74 12 60 82 6 73 78 89 64 49 38 84 87 78 52 74 37
13 70 68 79 41 55 51 96 61 21 10 97 89 33 55 52 78 31 9 35 68 81 14 97 43 65 93 14 30 5 68 100 14 86 45 14 99 97 42 42 6 44 8 10 46 53 52 14 2 60 45 49 19 11 84 98 79 59 84 9 47 31 62 46 12 68 96 97 12 81 38 72 37 67 37 77 90 82 9 7 24 15 52 48 97 28 60 83 20 89 50 82 7 34 1 84 90 85 48 87
9 4 10 39 24 6 77 42 11 60 67 57 100 30 70 24 48 74 58 56 9 22 3 7 22 67 41 17 83 72 80 82 44 88 94 93 97 76 79 26 6 1 34 17 27 15 91 21 56 85 50 11 11 87 34 10 94 58 24 55 64 27 86 24 34 30 38 33 12 15 93 9 81 90 12 98 70 70 24 72 25 100 37 17 68 74 58 77 71 21 36 28 65 73 90 98 10 23 59 83
90 93 51 15 40 44 94 50 79 87 96 58 58 16 43 22 10 67 59 38 80 13 70 2 4 69 55 22 43 90 26 85 52 17 75 74 88 78 61 72 79 3 53 55 93 31 2 19 85 85 28 48 71 86 7 41 65 47 78 33 23 82 4 68 5 29 78 100 60 97 35 17 42 9 37 22 27 84 69 57 48 80 68 38 73 66 92 7 78 40 87 68 54 40 78 18 30 42 25 46
32 67 100 18 32 67 63 8 29 19 23 90 5 5 23 58 78 48 79 44 28 29 9 5 28 69 14 79 68 76 21 91 84 10 20 45 4 11 5 15 43 83 81 58 74 97 40 73 17 64 37 75 68 32 18 6 13 98 29 91 97 57 69 4 56 70 93 87 7 74 41 76 68 46 97 25 80 57 2 45 18 78 12 79 44 7 70 79 83 89 48 90 92 31 34 76 83 74 23 89
40 13 40 46 37 96 27 31 79 4 85 44 52 78 35 20 45 68 16 57 71 76 2 20 87 23 96 29 94 91 31 74 26 33 5 63 75 93 69 28 74 90 56 100 52 28 69 30 23 9 11 77 28 19 68 35 94 88 73 54 46 77 30 29 14 19 53 26 92 75 87 55 36 78 36 85 25 60 18 90 24 3 38 62 72 87 59 4 81 81 47 60 97 59 5 51 1 49 85 1
36 24 3 99 71 40 17 30 85 72 10 34 17 60 33 17 61 67 36 41 50 49 48 81 27 19 64 87 86 21 20 67 49 65 26 15 85 44 35 6 3 77 62 23 51 94 82 94 8 98 33 28 26 8 36 33 29 36 70 77 20 96 89 78 25 90 89 65 7 85 17 84 68 77 61 94 85 33 18 61 26 49 64 23 96 9 1 1 37 30 71 10 26 14 73 69 4 3 46 97
70 89 99 25 47 65 79 95 31 23 36 9 66 88 16 11 21 89 12 77 87 21 99 37 62 34 96 10 80 44 73 13 85 62 88 3 36 58 4 20 77 78 7 53 19 65 24 71 23 86 93 89 67 64 47 69 63 88 5 45 24 91 8 85 72 41 44 54 33 75 19 76 21 10 79 67 27 29 73 93 85 64 12 70 68 55 26 44 79 46 100 100 20 32 97 39 87 48 74 87
91 8 39 62 75 15 92 12 26 94 17 10 16 95 49 72 70 91 35 19 13 1 40 35 42 3 42 57 23 25 36 24 81 24 53 59 59 57 55 58 5 33 47 100 30 74 99 44 37 27 24 16 92 81 99 80 6 80 22 70 76 53 40 38 49 50 67 63 26 75 54 61 77 19 92 7 68 15 26 89 46 58 93 86 40 21 19 81 64 79 79 85 23 53 66 99 51 68 76 56
51 94 49 67 90 72 33 18 97 24 18 44 18 70 27 15 24 58 27 87 67 22 32 61 45 76 82 32 36 98 100 37 43 73 13 63 54 62 97 95 31 61 37 70 18 45 69 20 32 71 78 29 56 99 25 69 99 65 20 80 65 84 62 46 36 35 12 42 21 4 49 18 99 55 16 83 34 61 63 37 55 14 39 89 85 21 77 23 72 47 8 83 22 10 7 76 86 26 20 61
60 29 98 100 50 92 64 87 3 97 57 75 25 94 51 76 54 42 80 81 18 70 38 12 19 96 39 41 37 58 12 91 58 2 31 55 38 90 99 18 64 91 61 45 42 84 5 89 54 38 73 7 100 97 53 14 96 33 5 54 33 95 97 75 92 44 46 90 87 15 88 99 45 36 94 28 1 46 90 97 80 33 16 6 30 42 52 30 96 78 21 90 58
3
