14 109
9 10 4 2 14 6 4 14 4 13 6 5 5 14
3 12 6 2 9 7 11 6 12 5 2 13 14 8
2 12 14 13 3 3 14 9 3 6 9 9 3 14
8 1 5 6 12 14 7 1 5 2 12 8 14 3
5 9 6 7 13 9 3 3 9 13 7 11 10 13
11 13 3 13 3 13 8 8 7 14 14 3 14 4
5 13 6 11 3 2 2 14 3 13 2 14 4 9
1 6 12 8 13 12 8 11 8 13 4 1 12 2
3 11 5 3 9 3 11 5 2 9 7 3 2 10
6 3 10 10 9 9 4 8 2 9 6 1 6 7
6 4 1 6 7 5 6 3 12 1 7 13 13 13
13 11 3 2 3 9 13 7 8 10 4 6 4 11
14 6 1 1 11 11 9 12 10 14 3 13 10 5
13 10 12 4 8 10 7 6 4 1 13 10 5 1
6 4 12 1 1 14 6 4 4 8 9 10 1 11 2 1 5 10 13 3 6 3 9 8 9 9 5 10 14 4 5 13 10 9 10 5 11 2 13 9 10 8 11 1 14 6 11 9 5 4 2 13 2 12 9 5 6 14 5 11 2 5 1 1 1 5 1 2 4 10 14 9 10 3 7 4 14 3 12 13 3 10 11 8 8 14 13 6 1 6 9 12 6 3 8 11 5 5 3 2 1 10 13 10 3 7 5 9 13
9
