24 172
5 14 7 13 7 17 4 4 21 14 6 22 13 14 2 12 15 10 5 24 20 10 24 18
3 12 24 4 17 12 20 24 15 10 21 17 20 17 9 3 3 21 9 17 1 1 15 10
1 7 15 3 4 23 3 8 5 1 22 18 18 4 7 9 18 21 16 9 14 16 22 9
12 2 6 3 12 7 23 14 1 13 8 4 13 24 5 18 17 19 19 8 13 1 21 4
22 20 17 23 15 7 16 24 20 22 5 7 24 13 15 17 23 3 10 2 24 11 21 19
8 13 3 17 10 21 15 2 7 5 5 11 6 20 8 6 18 21 20 22 10 10 20 14
20 22 14 5 23 7 15 14 13 18 15 23 22 1 6 23 16 1 14 23 6 16 11 22
10 4 14 17 11 8 17 1 5 12 1 24 20 8 6 18 17 6 15 13 9 5 24 14
9 7 14 6 6 18 15 13 14 8 5 24 21 19 23 11 16 5 18 21 3 11 13 10
5 24 20 6 17 3 19 2 17 8 14 18 8 1 11 18 6 11 22 4 7 4 8 18
15 2 9 7 19 21 4 15 12 13 1 7 12 24 19 14 11 1 7 21 16 8 5 1
24 3 1 1 5 24 10 23 5 22 15 24 3 19 10 18 12 24 13 2 12 21 10 20
19 13 24 2 24 9 7 1 20 22 1 10 11 21 11 2 4 15 1 15 6 7 20 24
5 17 15 21 9 8 9 4 24 1 4 6 19 10 11 17 18 17 21 24 4 21 12 14
24 11 13 16 11 18 8 6 12 3 16 10 4 4 23 9 14 4 1 3 10 11 12 10
21 12 7 23 2 2 4 3 7 24 1 18 20 12 16 6 8 19 3 18 21 10 20 1
24 5 23 16 4 6 19 7 17 19 3 3 5 23 21 8 13 7 20 6 19 2 15 9
5 21 10 2 9 22 24 23 24 23 8 9 10 17 3 24 6 12 13 23 14 9 6 17
12 6 4 22 6 10 15 11 4 4 23 4 13 10 13 19 18 3 5 11 9 22 13 9
10 20 9 5 19 24 4 8 23 9 20 13 20 16 22 4 3 12 14 14 1 22 19 5
14 19 9 18 7 23 20 13 16 20 21 23 24 1 2 20 19 20 19 3 20 9 8 5
12 17 5 9 2 2 24 9 2 22 24 14 16 2 10 7 2 10 7 17 9 18 17 12
13 12 3 12 15 2 24 3 18 22 3 23 10 24 24 6 18 19 1 16 14 13 5 8
19 20 9 19 5 1 8 21 23 8 6 12 1 23 9 15 5 21 5 1 13 9 10 13
12 11 20 4 17 16 12 12 13 5 11 3 16 23 5 10 17 2 18 14 8 15 19 5 6 3 14 22 22 11 20 3 17 11 15 4 20 22 21 15 4 19 3 15 10 7 16 16 15 16 24 6 13 4 21 21 20 5 2 24 16 22 12 13 20 11 10 12 18 16 15 12 22 8 1 8 16 24 9 14 18 9 4 14 23 17 5 20 8 20 20 21 16 5 6 15 14 21 11 17 18 12 14 11 14 18 9 24 7 21 19 13 12 21 16 21 23 22 23 6 3 24 5 5 22 14 18 4 2 24 13 1 20 23 11 17 13 21 18 12 11 18 11 7 21 23 15 17 15 10 14 15 16 24 16 3 24 22 22 18 23 5 8 21 14 16 23 7 21 1 9 15
11
