25 210
21 9 25 6 14 22 4 20 8 25 1 21 12 12 23 8 3 22 5 5 25 20 23 24 3
12 11 20 6 3 17 12 7 11 20 15 24 16 13 12 17 21 1 17 3 24 17 11 24 1
18 19 20 2 16 4 4 18 19 14 25 14 11 10 4 11 20 5 15 2 9 17 6 3 15
3 7 6 4 23 6 6 17 3 5 4 6 2 8 23 6 2 14 13 1 21 1 6 24 18
5 3 5 23 11 11 4 2 12 2 9 14 20 16 25 5 22 21 4 13 22 17 14 10 8
5 5 3 24 20 1 14 1 8 7 3 15 13 6 25 14 3 22 9 5 24 8 7 4 4
19 12 24 8 25 6 3 22 4 2 14 17 9 20 9 24 1 14 9 3 2 16 6 23 1
5 4 9 15 5 13 1 14 6 24 2 14 1 2 10 7 12 16 1 24 16 14 7 24 9
7 14 8 21 12 13 15 9 2 13 1 5 9 2 5 16 5 4 25 17 2 17 2 9 17
19 19 14 16 14 9 24 17 14 18 15 1 3 24 24 9 10 17 22 1 5 9 4 24 23
24 8 21 25 10 5 23 14 13 12 17 20 5 6 12 8 8 17 20 3 1 13 23 14 3
23 22 6 9 3 7 8 15 2 4 12 25 10 6 8 13 20 12 22 17 18 5 13 4 3
25 24 20 5 8 13 11 18 13 4 4 16 11 6 4 6 24 17 22 23 21 23 11 18 25
23 9 6 6 1 9 10 14 11 13 16 12 20 11 13 23 12 8 5 2 14 15 22 4 12
17 19 17 18 4 7 1 17 1 13 3 12 13 24 24 7 5 2 21 14 24 25 16 1 14
15 25 4 19 11 24 20 8 6 10 18 17 10 20 4 16 2 22 4 1 2 21 21 23 14
7 5 20 6 1 2 25 14 15 11 21 5 1 2 18 10 25 18 18 24 4 25 14 13 18
2 15 24 19 3 15 3 17 17 18 8 7 15 3 24 3 25 24 1 18 13 24 16 22 3
10 23 14 16 24 25 5 10 3 2 3 13 11 9 22 3 2 4 4 4 7 8 2 16 8
7 22 20 18 4 24 7 23 9 3 5 14 2 10 22 12 8 17 7 3 22 5 1 23 12
17 5 11 13 7 19 12 5 22 1 2 16 23 20 2 14 12 5 21 22 6 11 3 19 14
12 2 23 6 6 17 22 4 6 21 25 14 5 8 20 11 16 13 3 4 1 21 16 2 1
13 21 23 23 21 8 10 24 16 14 5 8 23 25 16 10 5 4 9 21 19 11 7 20 11
19 11 11 3 10 17 11 1 25 2 21 16 22 16 4 10 22 18 18 9 4 2 15 21 3
7 24 25 7 20 14 4 5 22 18 13 10 20 9 22 9 21 20 11 8 10 22 20 11 17
18 23 10 22 25 5 5 13 16 18 25 18 22 1 24 15 24 15 9 12 11 8 3 14 1 24 19 11 7 17 2 13 7 21 13 6 15 21 17 22 24 13 4 1 7 17 12 8 11 1 3 11 7 19 10 23 15 4 15 1 25 25 2 21 3 24 4 1 9 25 15 6 18 20 13 25 25 7 10 16 9 15 4 17 21 22 8 25 20 18 7 25 10 13 15 12 24 5 20 18 16 3 20 22 9 18 15 22 22 19 17 7 24 22 16 17 4 9 7 3 18 22 10 3 25 9 16 19 24 24 7 9 14 5 19 20 1 17 22 8 12 23 15 22 3 18 24 17 24 12 20 5 10 23 23 9 16 3 24 3 14 9 21 7 17 7 20 24 23 10 18 9 20 22 17 15 13 11 23 16 24 24 5 13 10 25 14 19 10 11 7 11 17 12 16 24 24 10 11 1 15 17 20 16 16 16 12 2 22 19
1
