28 231
3 25 22 1 21 10 14 16 18 28 9 23 15 18 4 2 14 17 13 23 1 23 21 14 25 10 17 9
23 25 1 24 20 4 5 24 2 2 9 25 21 27 17 19 2 7 22 11 4 24 9 18 4 8 7 8
23 6 13 13 9 11 14 21 17 13 14 17 4 23 9 28 6 21 11 26 6 18 16 4 4 10 3 4
18 15 19 3 20 13 7 14 21 26 8 20 16 1 10 28 28 4 18 3 2 2 22 16 26 24 12 8
9 18 17 1 2 5 19 2 3 26 17 1 5 15 27 5 25 4 3 22 20 20 15 9 11 27 14 26
17 27 27 28 23 11 9 28 1 7 17 2 16 17 25 25 11 13 28 5 23 7 21 16 3 7 15 21
21 8 7 17 26 11 23 9 14 10 15 12 19 23 22 17 1 27 6 16 27 13 4 28 16 5 16 12
10 18 8 6 27 20 9 14 3 22 12 23 23 9 4 22 22 17 23 28 5 1 26 24 4 13 21 15
28 17 4 2 21 11 26 16 25 25 13 9 28 9 4 19 19 11 17 4 9 17 6 27 16 7 6 6
2 9 24 7 6 2 6 8 26 28 4 24 20 24 24 20 12 23 11 8 8 14 8 2 14 5 11 11
8 12 15 24 26 5 25 1 14 20 26 9 26 27 6 13 15 12 5 14 27 13 7 6 26 3 12 14
12 28 14 26 3 12 9 12 21 24 23 17 5 16 2 27 9 19 8 26 5 16 24 21 22 3 22 9
19 14 14 9 20 20 15 13 17 3 13 21 27 10 18 28 27 10 4 25 14 22 27 21 26 23 13 21
20 28 15 20 7 14 24 28 19 6 27 3 17 4 25 26 14 5 7 28 23 17 13 26 23 11 17 23
12 18 13 26 6 21 2 2 4 22 5 5 13 14 2 15 16 3 13 28 24 12 1 6 24 18 8 15
25 2 26 11 13 2 16 14 27 3 17 5 21 8 1 4 10 27 2 17 14 2 22 15 6 12 4 27
13 18 2 3 28 27 28 23 9 26 22 15 3 2 7 9 8 12 9 26 25 1 24 23 7 8 26 7
8 21 3 11 17 23 5 16 10 15 13 25 27 20 23 21 5 16 25 11 28 17 21 6 9 25 19 15
21 8 26 12 12 26 16 1 18 5 2 1 10 9 24 4 6 23 3 26 8 14 10 7 1 21 21 17
19 6 1 10 1 9 23 2 10 9 5 27 4 12 21 23 24 7 24 13 3 5 16 27 19 3 20 7
9 12 6 5 26 17 12 1 17 25 26 17 20 1 20 9 12 24 22 28 10 3 6 4 12 24 26 12
5 19 25 22 16 16 7 27 12 27 2 24 11 25 14 7 12 21 1 8 14 1 10 24 25 10 11 13
13 7 12 14 3 4 17 26 9 12 21 22 3 24 4 2 1 18 20 5 28 11 1 12 21 22 13 3
5 14 24 20 23 28 12 11 6 4 5 17 19 3 28 4 13 7 28 11 20 2 10 6 17 1 8 14
15 6 22 5 4 9 9 28 1 9 7 6 20 17 3 2 23 18 14 22 8 5 22 22 7 20 18 24
7 5 25 6 13 22 3 17 28 8 19 15 6 5 2 5 20 2 13 19 1 4 23 15 19 1 25 9
11 10 21 8 9 1 4 5 23 20 17 4 7 1 2 1 25 17 16 22 17 17 13 8 28 28 1 6
20 11 15 4 28 9 28 22 16 14 26 5 15 27 5 15 6 15 11 18 20 15 10 27 15 10 26 27
13 20 18 28 7 12 18 15 4 20 18 1 16 27 7 10 3 21 24 12 11 20 19 3 26 6 25 8 8 17 2 28 27 10 9 12 14 21 16 11 16 10 3 26 11 11 20 19 10 23 3 7 16 24 17 26 1 2 9 23 16 14 16 7 11 4 4 9 12 2 2 24 18 27 24 8 9 12 8 28 14 27 10 14 12 11 15 12 23 15 16 9 14 13 14 8 4 6 28 8 23 27 2 17 8 15 23 19 27 3 9 9 2 28 22 14 10 12 8 13 23 26 19 24 6 15 11 9 18 8 2 14 12 21 28 9 3 22 3 15 27 17 24 20 18 5 7 4 18 1 27 21 20 13 22 2 7 5 7 10 11 28 10 18 15 6 6 27 26 13 28 11 6 6 12 27 6 19 23 6 4 7 9 1 7 12 19 5 26 28 6 22 15 3 24 27 24 26 11 5 21 18 25 18 9 10 28 16 8 6 20 23 18 9 24 13 20 1 20 19 14 13 11 8 21 19 17 11 27 9 1
21
