100 1000
22 7 11 89 8 67 31 16 77 91 26 4 20 13 14 89 79 10 54 3 55 92 32 49 96 32 100 33 4 52 20 89 11 4 90 1 30 32 74 5 84 4 46 24 13 96 23 85 55 12 76 64 85 93 77 49 88 2 60 32 53 72 2 83 33 73 75 48 93 9 88 29 89 48 75 30 55 16 32 1 76 58 70 30 90 41 56 77 59 48 5 72 46 98 41 43 96 1 31 27
22 56 54 26 91 58 60 86 41 31 77 74 100 27 53 72 52 51 88 94 3 67 3 36 35 31 71 32 33 99 93 24 52 31 13 12 24 47 45 50 78 20 79 1 1 14 81 81 61 93 84 2 16 78 78 95 39 54 13 79 42 28 77 64 91 50 90 11 92 4 69 47 90 93 17 1 45 67 94 29 87 3 16 1 73 1 31 25 50 43 17 39 35 54 51 93 52 83 3 55
84 7 63 86 21 10 13 47 10 50 89 8 5 64 98 43 58 79 11 6 7 99 91 50 6 97 17 58 72 17 28 28 36 22 54 50 99 81 9 23 63 26 21 24 19 22 31 63 81 30 40 7 97 46 55 81 91 43 19 82 4 6 45 31 65 97 70 9 26 33 31 21 50 62 71 74 44 27 70 78 27 30 45 48 93 2 14 81 41 28 93 68 8 79 61 33 52 55 62 29
1 89 30 40 14 68 10 51 41 16 72 9 28 11 70 67 48 97 70 8 19 37 82 1 99 54 40 81 57 2 51 16 92 80 69 71 17 20 20 84 90 49 7 51 4 64 33 8 90 78 37 60 30 24 25 27 63 96 40 86 53 82 66 70 32 42 77 57 4 7 26 32 15 77 22 13 9 53 29 5 39 15 89 71 71 97 84 83 25 36 78 32 14 57 89 79 83 38 63 19
32 13 34 85 50 58 59 61 52 85 67 78 44 78 14 52 73 16 88 17 59 91 84 6 85 27 46 4 76 86 37 29 72 15 23 53 90 96 85 44 18 45 99 22 21 38 51 95 67 58 48 68 3 7 76 60 35 2 35 92 66 79 17 56 97 20 24 88 42 72 79 97 68 89 23 46 43 17 35 57 9 21 4 33 89 80 76 67 78 29 98 47 69 92 35 79 29 63 68 87
89 2 57 88 78 46 3 44 3 92 7 58 67 100 50 12 71 56 42 86 65 49 70 30 83 39 85 51 3 95 81 13 95 20 94 31 99 77 52 53 67 49 16 34 43 16 24 40 24 66 37 43 12 4 63 44 62 69 80 25 4 70 29 95 25 47 66 10 27 47 83 5 6 6 1 37 72 45 97 4 91 17 31 75 24 67 17 19 74 4 75 2 34 80 71 27 34 25 7 95
64 94 81 72 86 99 72 87 20 50 19 13 46 77 97 79 3 41 43 46 80 73 4 93 79 95 23 99 79 22 50 22 16 28 67 84 36 67 39 97 34 31 76 85 23 54 68 23 47 83 42 30 4 11 38 22 44 40 66 10 99 11 44 91 98 38 45 44 19 74 35 45 80 40 71 57 89 15 9 18 28 20 50 75 95 22 13 27 82 86 42 80 6 31 75 12 8 74 54 30
67 23 65 81 3 91 47 23 38 18 87 21 88 73 88 80 21 5 9 13 28 20 24 74 65 89 41 98 15 87 54 87 88 77 19 61 97 22 50 75 52 12 58 51 64 58 89 13 28 34 100 57 61 73 21 45 69 1 46 85 61 93 100 77 79 99 5 97 66 29 64 65 55 43 68 24 36 87 32 90 65 86 57 60 47 87 15 92 99 65 31 14 32 53 92 79 8 48 22 42
84 90 5 73 43 88 36 4 86 7 81 72 77 95 52 89 85 13 94 56 1 86 79 10 20 100 63 27 23 58 98 80 21 50 63 54 23 87 24 3 74 70 73 90 9 11 73 93 8 88 95 71 72 41 54 72 65 87 53 49 28 16 24 77 36 26 95 27 15 35 90 35 21 72 75 1 51 19 93 55 86 100 12 53 43 66 23 91 14 6 87 44 44 46 21 22 20 100 6 23
63 48 80 82 2 77 41 64 39 75 42 87 40 72 81 62 65 85 89 5 63 57 15 25 37 99 34 27 70 34 12 34 45 89 6 2 27 14 23 23 95 60 82 97 82 30 2 48 10 54 46 50 42 96 59 47 35 99 48 10 76 97 79 25 91 50 93 89 71 87 3 55 12 68 15 62 97 4 68 11 62 61 18 17 72 31 81 94 99 49 42 75 91 7 81 94 4 60 95 12
52 61 57 50 37 53 39 6 5 72 46 73 58 7 94 4 57 42 96 26 39 33 81 76 8 33 58 49 21 83 90 83 75 51 100 47 15 6 26 12 37 70 14 76 27 16 54 19 21 93 69 77 38 19 67 38 71 75 49 83 49 70 4 64 91 9 23 44 31 38 62 100 97 42 81 27 2 71 7 92 19 82 78 41 70 24 17 33 59 64 17 92 51 19 57 48 37 89 52 4
96 8 8 20 63 44 28 81 21 71 79 68 84 95 69 15 36 71 40 11 57 87 58 73 17 20 20 71 87 73 53 75 97 17 29 42 22 83 81 92 51 17 85 40 3 33 78 98 48 58 91 69 86 17 81 22 100 29 97 12 5 99 87 32 2 32 26 77 94 21 74 27 84 29 16 11 54 6 81 50 94 82 29 4 85 86 33 42 55 50 60 90 47 23 17 10 62 4 19 33
98 82 16 18 4 7 58 21 11 2 30 9 19 76 95 51 51 25 10 44 63 15 22 94 48 58 11 34 27 73 1 41 40 85 97 55 8 49 32 19 55 49 41 77 76 47 18 51 80 11 47 21 17 90 51 87 8 69 29 98 12 43 28 11 11 100 78 52 98 28 42 73 85 44 49 65 68 11 45 91 95 51 30 56 50 20 4 60 82 8 6 68 62 9 63 10 48 72 66 68
67 82 26 90 75 43 16 62 49 6 71 96 33 49 100 18 2 38 8 39 89 7 36 55 65 63 77 58 85 98 69 96 98 9 87 86 26 1 98 5 26 19 95 49 7 41 11 19 78 78 55 40 89 85 72 76 44 29 97 51 20 64 93 58 38 61 41 91 21 38 32 94 78 26 57 38 37 12 43 75 28 76 78 73 89 76 32 35 24 99 86 43 50 55 49 94 86 71 88 59
45 46 58 78 28 22 39 92 48 17 91 61 94 32 16 62 60 61 26 14 18 67 85 10 26 15 80 31 70 88 5 2 48 55 97 32 65 4 66 53 68 58 57 49 93 50 68 91 81 73 62 12 94 24 12 77 91 34 95 81 12 100 72 7 88 65 27 32 28 92 58 58 38 37 65 10 77 40 74 73 70 65 33 11 34 6 92 82 71 54 5 36 5 13 30 91 59 65 20 16
52 42 61 24 71 62 76 24 61 28 27 61 64 5 72 44 54 3 31 20 35 57 91 50 72 95 45 85 47 69 72 74 92 90 15 86 75 93 29 86 83 5 25 14 53 87 8 100 23 96 47 56 45 55 24 5 91 36 92 28 45 99 9 32 48 65 39 22 30 37 66 4 10 40 51 39 2 76 31 85 96 3 86 54 3 40 3 90 44 60 65 17 20 57 56 20 63 11 22 8
16 62 91 97 40 50 44 60 19 35 90 98 9 91 80 36 2 88 94 81 81 15 57 73 59 22 46 45 7 99 15 68 79 57 96 33 66 50 97 4 78 51 65 73 82 18 9 56 15 76 79 56 88 84 98 27 72 58 54 7 4 16 48 44 94 31 9 22 89 77 28 73 6 55 57 35 5 96 88 10 89 31 62 87 51 13 52 7 8 9 38 46 55 72 34 60 15 72 37 69
74 70 6 55 3 56 70 22 41 5 78 8 38 29 98 68 15 26 33 62 40 6 1 47 37 85 34 59 18 79 59 49 46 24 81 70 100 96 42 74 41 16 47 82 87 84 65 76 85 100 89 56 13 51 18 83 10 29 6 60 73 20 6 39 25 43 28 74 12 23 97 13 93 8 60 3 34 81 53 79 45 44 20 66 57 99 89 21 53 81 12 77 22 21 91 28 68 68 5 18
79 66 54 74 3 82 100 4 5 53 13 21 27 83 81 99 50 65 51 80 1 15 49 48 9 83 73 14 31 66 98 54 16 98 84 20 62 53 58 24 8 99 3 33 52 18 33 18 31 54 49 33 72 82 78 16 84 2 85 37 72 91 50 85 13 41 56 57 37 66 84 30 49 78 44 13 16 81 44 4 82 96 20 59 73 41 46 67 45 18 58 71 74 99 69 29 83 46 6 8
91 76 87 85 92 89 64 37 28 6 6 63 94 33 68 39 93 99 74 23 93 66 40 61 77 9 31 61 97 98 19 4 13 72 2 24 93 47 74 42 81 48 38 96 47 57 39 37 62 1 86 91 41 84 20 89 44 18 33 69 52 3 22 47 45 10 69 32 25 71 29 35 32 90 56 62 74 85 57 66 29 88 53 31 42 2 61 60 48 40 72 13 28 16 44 99 81 30 11 53
59 60 14 1 39 4 15 91 51 70 41 16 29 6 27 44 19 28 3 66 95 94 12 7 2 6 6 10 76 46 49 50 23 23 7 95 28 69 82 8 55 25 63 40 49 54 42 16 38 94 76 61 30 33 98 46 34 9 81 1 5 40 95 57 65 21 42 9 6 99 32 29 99 31 34 5 47 64 62 19 76 37 37 23 20 59 24 17 28 47 54 25 74 1 80 57 37 57 81 20
78 86 48 84 57 60 29 17 5 5 74 100 6 29 34 59 80 59 20 46 18 88 38 3 1 54 65 38 25 52 15 64 35 57 92 51 70 60 68 29 64 33 29 55 95 18 7 5 56 54 60 53 79 86 66 73 50 14 35 97 62 92 11 38 75 59 26 94 40 10 80 71 11 64 80 1 24 11 4 41 45 65 46 94 52 1 81 12 12 64 28 23 53 81 39 45 50 82 57 68
80 61 14 21 26 62 68 52 18 10 40 64 41 96 45 20 24 27 17 79 81 87 41 14 59 82 62 33 17 71 57 20 97 88 12 42 28 89 31 16 19 48 94 27 85 63 25 70 46 66 55 44 30 97 58 88 63 100 78 37 61 46 4 34 73 79 35 9 9 32 36 46 45 30 66 48 27 25 46 40 82 38 46 44 3 17 95 53 58 71 91 23 59 37 37 30 77 100 91 35
95 49 47 92 51 50 11 14 53 18 42 84 94 89 34 60 31 46 73 42 3 90 47 17 58 76 69 51 75 89 60 42 19 61 5 21 49 73 50 26 76 27 64 80 14 98 36 51 96 39 10 29 90 23 98 9 60 33 73 3 42 11 21 13 23 49 97 11 71 53 7 98 72 49 33 90 34 91 99 84 53 51 45 66 24 53 41 76 27 93 93 40 99 64 15 88 83 66 49 87
95 8 88 32 64 56 58 40 5 45 75 37 90 16 88 79 1 10 82 56 81 72 36 76 67 67 29 62 94 12 97 99 35 26 42 16 7 48 12 10 85 32 99 19 56 23 22 78 12 57 28 76 99 1 78 82 20 84 13 29 7 57 65 80 91 2 55 13 66 55 9 70 64 58 47 84 44 62 23 91 16 29 96 13 80 36 46 73 56 1 21 36 52 22 17 39 40 64 15 32
28 66 97 77 3 39 54 85 79 45 86 32 34 1 59 22 23 19 55 65 62 6 13 81 40 20 10 71 69 77 92 37 5 1 62 93 45 67 34 84 30 66 36 60 65 61 48 39 77 58 77 62 4 83 42 79 12 29 54 37 49 53 35 58 7 73 96 38 25 70 84 74 26 78 68 43 53 9 74 66 41 83 47 33 97 43 25 53 27 64 32 37 38 5 83 14 11 93 72 58
28 97 39 100 11 74 66 70 36 96 53 65 33 7 25 49 72 58 28 86 65 38 95 11 21 6 7 87 46 90 27 23 74 33 24 83 19 86 23 14 4 36 16 47 26 6 40 57 90 43 32 9 12 76 51 92 42 42 20 82 37 89 87 39 50 9 17 40 66 20 59 47 94 3 91 90 36 32 77 23 59 34 32 54 53 72 95 58 95 96 46 67 3 31 47 60 73 83 62 52
42 78 78 10 65 39 14 43 35 95 29 91 84 50 76 40 90 22 8 80 6 6 19 37 6 39 49 48 58 75 53 2 7 8 95 18 60 19 77 42 45 32 24 99 9 46 66 1 38 83 62 51 71 57 37 65 20 77 39 17 20 23 79 92 9 96 99 90 81 92 83 43 90 72 99 49 20 95 12 39 52 25 17 22 6 88 35 86 68 59 18 38 8 6 37 12 57 62 86 73
70 68 12 14 53 41 24 13 48 68 42 70 3 84 66 66 82 100 34 55 20 3 16 76 13 19 97 5 89 34 83 40 16 78 31 86 23 49 27 45 88 75 59 82 61 33 50 11 86 93 13 53 55 81 95 42 47 52 52 77 70 81 96 95 16 78 63 12 49 78 12 78 47 72 39 48 1 6 48 93 27 87 72 78 73 54 34 21 58 26 52 11 17 92 83 31 77 43 35 36
58 99 59 14 29 83 79 74 80 56 100 41 56 5 88 2 57 20 5 56 89 33 85 18 61 80 83 69 38 29 1 51 35 1 74 65 39 20 2 69 20 86 44 82 100 7 62 36 69 78 40 74 24 27 8 31 11 100 29 40 52 39 54 38 33 62 11 75 80 20 1 69 76 40 92 55 93 49 33 42 82 3 79 37 42 28 86 59 81 16 10 87 10 6 28 55 33 14 42 42
82 65 36 71 17 21 20 55 2 5 23 15 39 58 83 14 71 3 64 83 74 90 1 36 55 10 83 49 54 100 17 55 2 74 92 100 55 54 81 5 87 94 47 70 77 73 95 40 55 98 51 42 57 47 8 73 21 5 38 6 88 95 90 67 18 26 38 6 9 48 8 83 6 98 35 28 39 99 87 49 49 74 48 91 94 59 53 90 86 79 62 61 70 78 87 80 48 78 41 11
13 70 76 30 30 75 10 28 53 48 70 44 14 8 13 60 39 27 30 25 2 62 44 78 95 24 13 69 36 14 3 100 98 8 69 74 53 96 74 79 12 63 79 32 46 39 85 74 44 51 28 39 8 7 90 63 19 63 2 88 98 25 96 42 56 11 90 33 49 90 76 93 59 21 57 23 68 98 72 68 26 52 18 76 62 5 41 82 47 34 9 10 43 53 74 62 93 4 62 99
10 35 54 73 40 91 68 85 4 21 87 55 76 12 4 92 76 49 7 57 100 85 47 48 16 60 96 99 21 17 98 46 21 35 19 85 90 70 68 3 24 23 90 27 8 97 83 41 25 8 37 63 27 47 78 48 49 67 83 68 81 25 91 29 89 72 64 80 95 16 44 73 53 23 85 9 74 13 70 9 42 77 68 85 27 55 60 51 3 96 93 46 29 20 2 99 55 70 35 34
99 78 53 58 85 15 22 43 44 25 67 16 76 73 62 87 93 39 12 60 55 48 53 95 91 65 37 65 4 12 87 37 21 50 88 35 11 15 15 98 5 97 30 29 54 99 86 39 99 86 28 84 55 22 68 4 11 89 27 63 82 92 69 23 84 56 55 87 34 21 2 34 52 79 80 24 31 18 27 100 33 25 73 51 9 51 97 21 29 20 94 15 68 20 84 89 90 7 63 96
20 93 2 17 11 98 40 89 68 100 48 35 35 98 75 26 81 47 47 33 27 93 20 44 13 26 57 42 61 69 55 61 100 88 16 67 52 9 33 13 46 71 54 44 25 96 31 45 16 13 92 33 27 90 9 93 24 17 81 89 75 94 78 70 96 99 31 54 54 26 90 22 47 85 48 57 1 90 28 97 88 74 2 8 69 40 90 66 54 36 78 50 28 27 50 81 7 64 23 71
57 24 47 64 89 85 76 67 90 79 4 36 90 64 34 61 95 18 34 28 84 19 64 20 31 3 52 77 46 56 72 14 21 42 72 58 72 73 15 89 65 15 42 94 24 62 23 99 94 98 4 15 44 74 86 46 31 86 95 67 22 80 98 96 90 73 91 39 74 78 77 38 26 73 56 44 1 100 68 38 100 24 25 52 91 67 14 80 34 20 67 5 51 23 42 59 16 34 5 5
55 28 28 39 98 52 30 86 22 69 76 35 91 21 36 66 32 35 57 96 35 72 69 99 61 28 74 29 59 8 100 11 38 49 45 48 27 11 29 42 91 35 42 16 60 65 100 15 52 79 89 29 33 54 78 21 68 5 93 77 89 28 60 40 50 58 30 64 93 69 44 66 90 37 7 49 8 36 62 25 79 35 66 20 41 19 20 72 15 32 57 70 11 59 65 37 31 18 28 45
66 82 46 60 12 63 9 49 57 23 23 32 86 48 91 22 73 25 20 58 26 47 27 53 34 59 4 52 90 86 66 49 53 45 10 81 89 10 91 67 67 42 9 8 70 2 52 54 76 67 10 54 45 30 78 75 77 99 25 15 71 63 22 68 85 43 30 8 90 85 44 35 66 69 37 40 19 6 42 11 85 37 50 59 28 100 89 39 27 56 13 12 39 49 77 31 66 10 53 26
62 33 78 7 10 38 96 29 33 81 81 2 14 47 73 14 17 34 45 92 20 54 42 21 39 100 5 30 60 75 80 14 59 75 67 5 85 2 50 17 86 85 53 33 34 9 98 97 92 93 88 45 5 95 3 8 71 34 53 80 30 99 6 33 37 95 32 6 84 66 70 31 78 88 87 31 34 81 88 45 37 46 7 81 7 65 4 58 97 99 50 54 27 23 90 96 44 12 4 12
6 83 91 35 46 60 66 99 26 69 8 47 91 6 8 69 95 73 60 80 44 98 23 68 73 74 56 13 84 93 81 12 75 51 24 41 77 42 70 68 66 85 17 53 73 12 67 1 2 22 39 65 88 72 92 90 49 40 79 42 59 88 3 83 19 19 53 95 57 2 79 82 16 72 6 51 83 29 18 84 16 88 99 66 72 71 1 4 16 93 61 50 34 16 73 8 55 75 71 28
20 64 83 87 92 100 89 74 71 14 57 56 65 8 20 53 12 57 92 100 72 88 38 85 30 42 36 86 7 56 67 16 55 90 78 71 47 91 5 75 3 81 60 55 44 48 15 25 20 82 90 1 57 73 62 82 14 65 38 43 70 23 88 24 95 60 77 29 78 95 89 76 93 22 60 96 72 56 79 3 59 24 41 81 81 5 38 77 34 43 1 40 28 4 73 66 16 9 52 96
39 51 6 5 83 63 79 80 58 79 91 25 49 41 85 72 59 98 99 31 75 47 16 18 3 6 54 26 100 34 20 41 86 92 17 1 46 94 11 57 72 44 99 48 6 50 29 88 83 7 38 60 43 61 22 54 56 2 67 59 39 79 35 75 59 72 59 12 85 44 33 68 8 90 20 96 45 71 1 56 44 18 42 86 58 1 97 13 49 26 50 42 68 85 10 99 95 48 30 56
66 6 31 34 97 59 44 76 53 29 51 16 75 53 10 76 50 60 25 1 7 59 1 67 61 1 1 25 31 5 82 72 40 93 62 18 23 100 3 43 10 48 7 4 3 29 53 67 34 59 27 88 73 43 54 11 3 73 45 65 33 97 63 67 23 90 56 36 29 61 3 67 8 8 90 35 27 6 81 29 92 47 19 2 50 6 22 60 17 72 38 11 86 3 40 61 1 23 42 25
35 76 22 21 30 77 9 25 62 44 55 48 68 54 77 40 85 4 72 73 37 79 8 8 91 18 42 82 50 84 37 81 26 73 25 30 55 8 23 84 4 67 1 51 33 49 34 17 76 47 17 99 80 82 89 54 100 98 90 65 8 28 86 96 50 34 75 75 76 71 98 96 97 68 27 20 3 87 43 59 39 89 61 47 52 97 25 14 75 35 18 43 36 87 79 40 39 53 97 13
50 1 17 60 91 8 97 27 66 35 92 21 39 46 73 35 44 6 8 9 96 42 36 13 56 21 39 45 25 86 51 23 64 79 17 59 61 11 64 86 53 82 93 99 19 58 6 78 93 80 80 1 7 87 12 43 75 95 35 42 6 58 69 12 72 97 45 55 11 50 40 62 25 59 65 61 22 81 58 46 69 63 100 80 80 100 18 23 21 12 35 62 75 55 92 31 13 85 30 19
88 82 70 53 84 84 10 1 1 25 16 71 58 73 87 2 100 64 24 43 22 18 17 94 95 83 94 7 24 23 25 33 44 69 31 86 73 89 64 19 5 49 67 89 92 52 49 10 99 100 65 42 82 23 66 36 7 37 40 71 77 34 70 88 36 43 65 16 28 56 44 29 98 98 43 27 74 24 9 6 42 63 26 59 47 72 41 3 42 36 41 12 45 74 52 63 97 66 85 23
94 49 2 19 30 9 9 58 69 7 85 58 33 26 55 39 10 28 95 95 22 75 70 77 24 35 74 66 6 15 49 43 86 67 21 71 48 12 60 92 51 89 52 64 27 13 95 36 88 76 4 25 12 64 75 18 30 100 84 69 61 69 62 37 21 87 38 36 97 68 58 3 62 8 95 84 44 78 20 35 80 49 34 17 64 5 11 86 93 83 26 29 7 33 87 81 5 81 26 13
53 59 96 25 13 90 26 54 67 26 7 64 79 99 66 82 21 99 26 68 94 22 19 20 35 9 78 86 62 67 40 80 32 49 91 77 14 60 17 54 59 80 42 49 34 21 48 13 8 72 100 97 12 63 41 77 41 69 83 52 48 44 37 80 40 11 13 65 34 92 36 9 72 59 7 90 56 77 25 11 86 70 3 19 18 61 25 50 9 18 68 98 7 1 46 8 68 2 50 54
51 18 8 80 43 16 43 82 71 69 31 49 27 15 34 85 84 50 100 33 12 57 99 83 48 12 83 33 1 3 12 62 44 20 20 95 54 9 23 28 65 93 85 5 14 64 25 73 79 38 51 26 98 71 50 74 84 58 5 34 80 70 55 86 16 22 57 97 43 11 79 73 2 47 46 30 80 40 11 2 31 34 46 9 8 100 65 10 39 50 94 93 8 20 5 19 35 37 16 52
45 46 36 19 68 29 11 82 8 56 17 7 55 40 3 30 44 53 69 79 24 27 6 22 49 98 61 75 31 9 64 28 93 37 55 54 13 55 33 70 34 10 24 25 56 52 34 8 54 51 28 32 42 94 14 27 84 54 5 38 2 68 86 62 63 50 43 72 65 14 49 70 87 16 71 35 61 60 90 77 16 37 58 84 71 32 42 64 20 49 45 60 80 74 94 81 65 63 46 86
36 51 14 35 54 92 24 64 87 1 50 88 100 84 26 56 56 5 8 10 37 83 34 33 45 100 9 53 96 45 21 87 16 81 70 34 40 77 61 19 16 28 30 19 100 3 34 21 17 93 97 58 14 86 98 71 46 48 67 68 41 88 29 19 43 27 58 27 7 99 35 95 40 65 12 35 78 42 83 72 15 96 96 81 76 99 95 18 50 6 6 85 40 68 82 56 54 96 80 91
79 57 23 10 82 80 45 97 85 50 36 19 57 53 94 97 62 61 10 12 10 87 45 99 93 78 81 21 33 43 49 54 35 70 3 66 3 21 8 17 6 69 93 83 89 20 48 71 37 25 14 84 70 69 52 9 23 24 25 15 84 98 87 20 1 70 90 57 80 29 94 94 80 70 20 67 39 50 55 66 6 65 68 24 32 32 6 49 4 33 50 19 50 55 61 72 97 99 45 63
92 93 72 44 79 33 27 80 83 78 97 4 46 32 99 86 80 34 2 89 23 32 71 65 75 61 96 91 58 94 50 1 7 65 89 18 22 92 24 51 92 61 58 11 2 46 39 95 5 47 26 23 55 92 42 33 10 95 94 78 34 95 64 3 14 100 20 82 4 11 16 33 10 66 63 59 85 76 27 34 9 96 28 41 90 68 35 16 21 35 44 98 93 69 30 79 78 84 65 18
66 11 42 80 9 66 38 62 77 30 30 40 20 36 2 45 36 26 62 42 24 73 42 83 84 47 8 98 84 27 21 47 23 29 42 19 17 44 93 68 32 98 96 44 36 49 53 52 47 73 19 50 15 13 21 26 25 71 54 96 84 42 12 21 28 89 57 76 57 82 32 93 60 48 64 29 13 89 47 84 62 68 67 59 8 18 85 54 11 97 82 14 51 95 98 97 24 77 55 5
16 19 81 16 47 90 26 64 67 20 1 41 21 95 10 13 92 87 11 26 64 4 87 79 53 19 47 88 52 94 23 52 80 64 28 21 73 77 64 43 30 34 93 83 4 30 7 17 40 99 1 45 59 24 50 81 57 30 46 46 75 45 61 77 20 92 94 49 6 71 29 17 54 32 60 69 92 64 3 7 98 15 37 40 20 91 87 90 20 74 96 56 21 66 4 77 24 37 74 83
36 64 61 20 95 47 35 18 88 29 85 93 97 21 38 21 90 91 5 4 79 2 30 34 4 68 59 62 74 90 8 59 48 99 5 69 20 33 100 33 4 60 100 58 59 81 87 1 12 4 11 40 75 3 81 42 39 58 34 32 62 99 20 50 89 91 96 99 9 48 97 23 15 96 92 54 38 82 57 21 100 28 60 37 76 16 44 4 42 31 88 76 60 82 61 22 82 21 65 99
59 14 81 66 42 26 49 20 13 94 57 62 92 11 74 73 47 40 27 42 50 64 60 68 3 25 11 63 87 35 44 37 19 98 8 31 43 42 64 39 56 76 39 52 76 36 33 16 29 96 5 62 94 49 32 27 65 31 86 86 98 25 55 14 17 96 13 70 90 23 35 20 84 43 83 52 36 47 15 89 72 64 6 91 82 48 11 28 52 12 51 53 88 7 84 100 13 26 1 41
52 80 6 62 11 28 84 13 2 68 54 58 70 33 53 39 16 61 8 42 3 49 37 29 1 99 89 4 76 13 56 6 55 85 79 6 100 83 41 52 9 17 71 63 39 69 55 44 55 54 74 58 6 93 81 21 49 11 36 5 94 88 71 53 22 21 59 48 8 100 63 91 24 69 91 97 10 70 58 55 49 10 48 55 9 64 79 4 82 70 40 56 53 20 89 94 3 76 62 23
38 49 20 48 77 3 62 78 63 91 76 97 29 85 45 97 86 81 95 5 98 15 43 34 92 69 52 79 67 15 56 75 66 45 44 37 51 11 58 24 89 32 72 9 70 29 54 14 93 8 32 93 86 69 81 64 24 65 32 84 13 63 12 46 10 17 94 33 31 33 85 10 82 15 14 92 48 79 99 36 6 31 36 98 68 100 89 5 50 2 69 7 62 12 34 38 38 95 84 26
82 87 81 17 34 66 94 14 33 1 39 53 36 75 83 1 81 76 64 59 86 54 21 37 91 69 1 29 54 69 60 8 33 40 36 93 76 5 85 62 81 83 49 45 21 58 92 23 83 40 32 83 68 74 86 35 58 72 43 18 46 85 55 42 95 79 45 5 33 4 66 27 87 78 15 66 64 30 75 26 53 18 7 31 70 72 5 48 49 70 26 61 50 54 26 100 97 82 37 85
20 66 36 12 62 64 81 19 41 7 71 87 66 99 58 59 68 38 66 71 25 32 5 11 72 1 56 56 1 76 35 97 96 81 64 16 94 66 22 57 33 91 53 53 99 55 98 10 28 12 24 30 54 95 85 77 17 84 99 25 54 9 98 58 96 74 80 84 48 73 49 48 61 66 66 72 22 72 84 38 37 79 100 42 4 20 87 28 100 46 5 97 89 46 20 48 27 18 61 75
14 67 58 80 88 60 58 62 55 20 75 1 60 39 91 67 53 96 5 100 50 72 20 32 10 23 22 45 15 55 36 43 74 90 45 84 84 90 97 55 82 94 82 6 55 75 42 71 6 80 30 68 59 33 44 96 32 100 58 71 46 21 96 72 13 83 59 65 24 46 31 28 90 62 1 91 84 45 8 43 81 55 91 21 72 17 23 51 64 8 89 36 68 94 13 30 72 61 33 59
57 6 71 16 91 80 73 77 92 63 31 22 56 79 1 53 2 27 33 73 79 55 80 38 55 26 98 72 83 64 72 26 34 73 7 21 83 27 13 30 48 74 7 69 36 34 95 13 45 96 36 21 82 29 27 77 75 95 80 60 26 30 17 28 36 81 82 72 75 57 55 56 16 59 48 13 14 44 6 48 64 23 70 30 15 62 58 22 26 88 8 60 11 13 66 68 58 54 25 52
18 31 31 79 1 93 16 5 72 23 99 77 6 46 32 91 5 45 72 77 15 55 5 9 97 74 81 12 55 30 21 99 26 6 58 50 33 69 25 52 53 10 79 32 94 3 86 9 23 46 99 12 8 91 73 56 65 78 28 68 63 6 85 14 33 77 86 66 55 90 30 47 67 49 87 99 54 33 36 87 49 16 91 47 55 64 81 79 7 73 66 93 37 21 95 47 71 70 85 16
12 76 84 78 18 47 49 65 80 95 61 43 91 20 96 61 10 16 57 90 67 59 56 16 33 63 91 42 28 38 96 37 96 89 25 91 48 17 19 48 97 19 20 93 100 48 77 48 71 7 39 98 37 68 47 35 94 23 66 46 79 29 20 59 31 43 31 24 83 99 51 20 25 56 7 95 1 9 44 76 75 13 35 97 76 45 78 57 15 1 38 78 82 19 75 97 69 57 5 48
76 20 82 30 7 69 7 78 62 81 21 25 12 35 88 43 28 37 63 66 42 33 91 7 66 39 94 64 33 49 33 99 30 40 62 89 71 26 62 42 78 8 20 36 56 44 94 31 83 30 97 64 43 45 37 53 25 14 34 59 47 6 20 98 28 44 36 15 63 32 1 66 33 5 99 25 91 82 66 89 80 76 24 12 90 75 10 98 34 42 6 53 58 35 57 97 4 78 9 85
95 94 80 68 91 48 59 30 3 81 58 97 47 61 1 3 69 50 55 71 35 25 19 42 17 70 67 12 61 44 41 95 43 62 10 59 20 51 33 15 44 48 93 79 26 37 87 50 83 18 43 80 70 92 79 77 85 17 38 22 61 92 87 2 93 78 29 79 85 2 87 63 58 1 7 47 23 82 86 2 61 39 10 32 21 11 89 47 41 15 87 28 28 88 72 38 26 91 71 88
34 3 51 58 64 63 50 61 25 64 39 63 78 15 3 44 71 100 14 2 40 13 31 33 50 55 48 6 95 7 32 70 67 25 19 42 69 99 30 90 79 11 53 10 29 24 72 42 18 25 74 41 83 37 28 33 12 26 73 36 29 81 4 92 35 33 1 16 65 61 41 87 64 95 86 100 90 30 93 16 93 84 99 20 28 73 54 25 83 29 22 9 16 99 65 11 78 54 52 73
69 56 7 51 85 46 20 73 9 82 78 57 6 82 100 69 90 48 40 5 94 20 45 37 13 47 3 50 31 85 82 89 15 3 12 32 68 70 37 79 61 86 81 60 3 48 64 4 56 58 89 39 25 46 14 47 18 25 41 22 29 58 50 89 5 70 22 29 20 42 24 21 48 52 49 16 11 49 80 39 18 79 79 36 24 48 46 47 24 16 6 99 2 70 61 33 58 15 70 90
49 95 42 12 57 57 15 86 51 50 60 13 51 62 45 11 98 28 80 70 59 76 89 29 99 61 3 5 52 60 92 34 70 85 98 58 26 6 28 30 38 62 2 25 39 56 79 73 70 41 69 75 72 4 90 40 4 49 77 7 75 13 35 26 59 55 75 27 98 18 65 98 31 71 98 24 20 57 37 60 85 38 100 25 57 90 81 57 67 57 46 62 34 37 65 48 87 78 26 77
65 69 8 82 36 42 92 38 64 54 88 52 77 22 32 64 2 22 76 65 97 10 51 10 77 55 26 37 37 60 6 39 4 1 27 66 41 50 67 88 32 75 26 7 74 25 79 99 21 50 11 61 30 91 67 45 67 41 50 53 19 6 60 52 34 21 58 21 84 58 74 91 42 97 26 90 74 4 25 3 45 70 92 4 14 25 73 58 63 64 74 28 30 16 55 75 42 35 68 72
6 48 63 56 50 12 99 89 64 42 96 66 73 29 26 88 37 70 28 9 23 97 99 70 61 26 58 41 60 74 55 40 57 94 69 47 46 4 42 93 25 94 68 33 92 43 1 79 40 24 9 92 29 89 35 66 68 24 7 16 79 74 46 5 30 46 3 7 94 14 51 47 53 53 54 97 84 78 81 19 19 34 58 91 9 41 1 14 12 47 30 83 36 15 10 90 72 91 11 55
97 22 93 32 90 91 77 47 1 2 78 42 61 91 51 60 85 23 73 41 87 96 83 82 61 33 63 95 13 97 84 10 29 6 65 98 99 26 69 10 95 36 24 33 67 43 83 96 32 40 54 7 5 40 44 20 42 5 85 11 24 79 44 93 9 43 64 51 30 71 85 56 30 72 16 1 61 67 15 71 27 45 89 21 62 39 37 46 32 77 44 24 42 16 63 69 82 44 50 24
10 40 66 17 8 79 33 89 61 95 49 20 65 24 16 100 17 10 37 46 67 99 42 30 44 50 43 20 61 46 50 63 28 39 86 49 41 31 99 39 51 74 23 63 17 48 82 20 6 69 44 77 45 12 66 85 35 10 40 8 7 84 18 15 86 85 63 45 15 4 50 55 8 80 43 32 62 57 65 80 41 83 57 78 35 55 47 50 41 91 34 98 52 16 56 98 86 17 20 88
33 32 79 18 92 6 42 41 57 97 14 14 53 81 80 73 46 19 22 41 55 47 5 95 21 69 21 94 14 64 35 46 34 23 37 74 50 76 100 2 48 26 5 23 8 87 75 83 4 34 15 59 31 75 18 13 85 64 39 5 55 25 84 73 76 35 44 39 93 13 33 12 81 10 75 73 48 33 31 5 18 30 48 79 68 25 80 4 31 14 83 10 4 16 91 6 19 5 17 71
58 70 65 49 94 54 50 61 79 61 79 47 78 72 64 33 52 4 52 95 1 4 51 85 46 28 17 97 67 91 32 20 34 23 58 33 1 10 74 99 83 14 15 11 91 14 41 45 19 12 83 50 59 83 50 10 52 89 62 29 45 16 66 43 33 24 83 23 2 8 83 89 60 45 47 30 71 91 62 58 97 90 73 79 76 36 84 6 14 54 45 51 51 53 58 17 89 88 12 85
87 79 89 5 27 63 36 92 63 21 90 98 35 78 21 23 38 82 11 76 49 47 38 21 98 2 84 99 87 30 11 45 32 29 14 38 74 10 21 92 91 90 3 39 91 68 21 24 3 48 94 81 10 5 22 56 14 28 26 98 48 1 60 15 41 31 78 9 7 80 31 68 37 94 89 17 43 86 19 82 82 97 43 7 23 69 21 97 22 93 51 41 1 20 62 69 19 16 35 65
43 82 95 45 56 46 8 77 28 68 59 61 92 99 23 92 89 3 40 28 21 18 44 71 94 100 98 88 66 14 5 87 64 87 31 71 59 13 79 84 92 23 68 16 100 24 48 90 85 79 89 93 87 21 80 10 8 60 72 62 48 49 99 18 52 7 84 72 8 47 73 28 15 8 85 44 83 72 56 20 57 45 8 11 30 48 12 36 63 88 68 45 70 82 58 25 39 36 1 75
22 88 93 91 23 57 62 65 15 100 59 44 38 66 35 80 80 75 79 35 69 15 22 76 75 2 100 4 25 69 58 31 68 64 62 56 93 10 79 7 20 12 62 92 5 74 84 15 32 78 96 63 52 79 61 45 37 44 23 41 48 25 95 13 41 72 4 60 31 88 91 44 99 3 74 72 23 81 33 61 55 32 86 44 61 84 41 55 58 20 86 80 10 56 53 17 3 72 47 36
19 22 41 86 4 16 65 8 91 24 82 20 7 33 50 55 62 44 79 71 23 45 33 66 4 73 86 54 99 92 80 43 90 47 45 76 27 42 13 31 88 19 38 22 44 20 17 5 70 36 29 56 70 2 53 62 9 63 54 11 11 77 36 6 98 42 47 11 39 89 6 43 79 60 29 42 53 2 85 24 53 55 96 25 32 4 58 65 13 34 53 48 13 18 89 70 74 70 52 15
72 90 90 7 49 6 91 57 93 85 62 47 57 52 24 87 63 74 41 3 68 86 77 69 94 1 87 64 60 62 91 64 38 70 7 16 87 33 65 56 99 84 85 35 2 12 89 22 28 54 21 13 70 35 14 46 50 16 68 21 10 85 2 57 9 64 38 90 71 23 74 42 48 61 5 28 90 66 95 73 12 76 99 78 6 73 9 8 96 70 48 24 48 42 36 74 5 66 60 92
9 38 71 76 85 28 16 3 88 94 88 18 11 33 4 43 87 8 67 92 4 82 77 45 98 3 89 41 60 73 54 23 93 6 14 97 69 17 43 19 1 2 48 29 87 76 47 69 73 92 24 61 87 29 68 73 45 61 5 21 80 77 94 45 24 29 44 48 83 14 19 68 16 3 75 69 57 18 1 32 99 90 85 24 53 12 82 83 99 39 59 88 10 75 80 46 27 45 15 98
11 58 20 71 43 90 6 27 41 19 53 82 57 81 37 73 52 74 97 31 83 24 52 54 34 62 24 31 80 10 95 45 79 56 54 16 13 55 90 13 4 19 58 43 64 40 76 58 42 33 72 94 29 77 70 24 81 34 53 61 36 66 57 8 1 35 46 85 22 35 35 66 63 79 95 60 56 62 1 92 40 55 58 96 55 76 25 22 4 76 59 8 72 11 37 10 50 49 65 90
14 47 85 87 34 81 9 19 9 2 16 23 39 35 72 7 28 35 38 16 47 21 64 11 53 92 10 86 10 44 31 70 39 100 84 61 62 40 47 82 34 12 51 19 73 93 79 93 100 25 84 64 100 79 56 64 48 74 43 34 58 76 80 88 64 29 12 59 91 99 79 81 19 85 64 1 55 11 70 16 27 50 99 88 19 39 62 44 85 74 97 75 38 3 35 6 31 56 73 14
59 79 94 31 81 6 24 21 4 37 19 72 8 30 38 80 4 53 13 59 92 11 56 55 66 52 37 58 25 67 20 15 17 38 50 38 99 18 52 79 20 24 81 36 26 34 26 7 87 83 11 47 33 71 75 96 73 25 80 28 39 64 86 14 98 89 35 45 92 52 97 82 88 7 10 28 13 32 60 56 13 24 36 61 16 8 25 51 19 93 100 11 65 71 90 24 41 46 74 63
90 77 72 95 57 53 53 50 83 83 12 69 46 64 84 96 98 18 35 12 88 100 46 28 62 27 100 93 10 13 83 9 67 67 58 84 14 64 38 14 1 5 19 84 80 25 92 37 96 70 48 8 46 76 51 74 19 89 30 21 96 82 85 15 43 61 46 23 10 2 99 100 21 93 47 66 99 85 47 97 73 58 93 48 51 32 51 98 38 4 21 81 92 43 51 54 38 3 64 95
64 70 98 46 33 40 39 74 39 79 34 56 22 17 52 92 55 49 52 48 69 84 7 42 52 49 98 80 30 24 92 6 14 40 37 82 28 38 70 65 7 76 4 24 2 14 71 45 65 98 79 27 44 37 69 92 28 57 47 52 5 85 29 27 45 81 95 78 78 81 71 3 36 2 66 56 49 44 30 47 28 68 35 87 19 40 78 18 22 2 68 22 64 40 98 45 71 5 89 32
49 18 67 39 27 43 24 84 47 28 63 18 73 51 18 17 56 51 100 97 35 57 36 55 37 44 87 51 6 50 20 75 91 41 40 79 44 15 89 27 5 62 54 78 15 51 24 75 100 50 43 3 54 11 5 31 2 43 12 56 6 60 95 19 85 16 44 17 71 82 85 18 92 26 83 1 84 92 92 88 83 16 7 90 81 31 79 55 42 29 16 99 28 47 75 27 87 96 75 52
87 85 60 79 35 36 67 93 89 27 28 60 43 50 88 74 50 42 64 47 36 91 63 42 53 2 33 17 10 5 57 41 69 21 98 74 33 93 20 99 7 11 14 17 3 76 29 67 68 73 90 11 31 53 53 78 100 39 99 24 90 60 57 10 82 34 11 79 72 83 40 69 93 70 34 60 50 94 64 95 8 26 50 27 24 18 46 20 51 47 21 48 66 95 69 5 35 89 34 10
95 58 96 76 29 96 11 47 20 75 56 25 77 8 81 50 5 72 46 25 97 74 71 75 36 57 38 96 43 37 32 70 7 23 8 89 63 2 50 35 12 36 19 88 99 44 84 89 40 81 40 57 83 64 2 19 33 83 78 6 1 72 49 60 91 30 59 84 18 72 100 21 6 23 25 19 59 30 14 96 80 31 80 95 37 80 7 93 91 99 43 90 25 64 13 41 61 80 7 5
98 86 98 92 38 75 93 76 45 98 37 92 79 78 98 76 64 95 33 70 77 86 17 6 72 56 94 73 28 93 2 43 42 8 92 31 16 71 80 44 88 75 95 35 96 91 15 26 37 4 1 93 38 62 96 3 23 14 13 99 7 66 69 26 48 23 95 39 65 67 47 35 99 44 59 6 51 42 33 74 86 97 95 21 86 19 20 81 90 8 92 39 30 70 44 21 41 53 83 94
62 5 12 50 78 57 13 3 32 74 74 48 44 61 28 78 35 26 79 97 19 53 89 6 72 4 28 50 54 42 15 49 23 54 21 60 37 59 4 86 39 14 71 35 15 92 72 97 28 64 82 63 39 4 82 49 4 88 81 30 80 59 84 8 29 29 8 61 62 3 32 9 14 20 23 15 82 6 25 26 58 25 38 17 84 33 13 47 90 11 56 18 76 74 42 5 75 79 55 93
1 46 61 97 5 37 57 33 21 13 31 46 92 87 98 70 56 52 94 21 96 23 9 87 19 56 70 45 81 64 16 69 15 64 99 11 61 76 53 94 40 75 28 56 20 7 58 92 20 13 16 96 60 58 21 71 42 72 15 99 64 13 20 78 28 4 98 34 72 31 87 21 4 25 75 2 66 29 75 27 5 40 26 28 99 41 20 60 34 1 49 23 90 79 73 88 23 96 40 19
41 79 23 75 14 23 58 30 58 46 4 23 10 25 78 60 18 47 72 83 81 67 33 99 29 81 65 75 89 63 47 63 19 4 89 23 14 66 36 89 75 9 90 7 16 73 26 24 60 68 98 85 70 6 6 27 75 3 27 66 86 19 30 17 86 54 47 23 64 59 71 11 37 58 58 45 100 60 72 65 22 31 91 65 75 12 77 65 30 10 91 68 29 70 84 51 69 16 82 54
41 78 10 90 65 1 12 29 24 73 77 46 47 82 9 69 64 22 89 9 72 33 67 57 34 46 82 14 50 12 47 65 24 51 64 93 4 29 25 17 11 24 31 14 12 81 12 37 32 85 56 4 81 100 7 73 24 52 11 33 69 6 44 19 82 92 34 38 84 86 61 37 28 99 4 96 58 33 5 36 69 94 43 79 70 18 73 64 99 35 60 23 36 93 14 52 20 41 33 48
42 91 57 27 94 29 53 88 50 70 19 44 21 44 8 45 10 73 96 20 19 90 24 98 37 4 9 3 89 72 88 84 100 43 55 58 53 64 24 77 64 71 89 95 15 69 19 62 78 60 2 87 16 91 95 70 38 5 50 85 60 7 46 13 57 12 62 19 41 55 8 20 61 59 94 19 48 38 45 79 45 25 40 43 37 13 58 85 31 14 78 17 92 82 9 64 61 75 65 88
16 98 44 8 4 28 99 58 15 79 82 20 96 34 64 75 37 62 33 40 30 69 82 71 53 94 62 1 31 68 93 97 35 95 94 88 94 34 92 78 51 10 61 47 8 41 28 35 84 78 20 56 83 46 3 83 8 75 79 7 52 17 95 97 22 81 17 41 92 27 53 39 17 5 82 42 94 69 61 27 29 45 66 10 33 77 57 64 9 46 28 25 34 49 33 98 54 56 82 32
98 78 43 24 92 100 58 2 31 14 12 29 51 23 18 5 79 23 32 38 12 9 62 43 54 3 94 79 78 98 29 77 22 52 39 14 49 68 87 67 66 22 48 51 72 23 69 53 69 74 99 58 47 19 71 88 32 96 58 51 27 52 4 6 59 93 29 62 34 47 37 99 24 85 52 43 62 15 53 81 96 48 11 17 70 75 4 12 98 38 53 62 82 39 5 73 80 27 12 40
44 70 17 44 44 50 85 79 88 58 37 34 99 76 84 98 88 4 79 80 66 55 20 98 66 78 11 38 41 47 29 92 65 80 7 43 13 5 49 87 93 90 32 54 4 58 50 21 12 97 79 1 81 90 50 71 29 12 23 81 50 27 66 54 51 76 64 53 44 15 76 92 62 66 27 79 42 93 26 12 94 50 63 69 64 55 78 53 34 59 54 53 25 35 30 21 57 87 32 29
93 2 15 87 50 94 3 80 68 25 80 38 50 11 83 11 15 78 97 30 60 29 20 11 17 14 61 47 32 26 43 94 38 2 41 42 42 59 66 69 38 7 77 66 4 87 89 51 11 10 92 99 47 38 62 42 17 59 45 5 62 39 52 3 95 17 58 23 31 98 55 46 35 81 86 39 77 85 31 54 77 56 72 56 6 33 36 73 99 58 11 78 64 69 72 85 82 11 77 80
36 28 48 64 75 52 14 91 65 5 19 15 92 27 52 94 64 96 16 87 21 37 38 23 23 91 15 35 15 82 69 34 36 86 84 94 42 13 13 11 23 64 62 36 76 80 20 84 44 36 19 28 38 73 30 21 22 18 67 4 67 51 81 63 79 48 9 77 81 81 64 32 31 9 40 99 83 66 6 68 13 54 60 47 69 8 88 27 39 22 13 57 38 83 26 13 24 45 51 80 46 12 55 37 60 71 17 52 38 55 54 62 14 21 58 35 92 75 33 41 16 16 27 40 93 63 33 31 50 25 30 28 11 43 80 72 52 26 85 52 19 58 52 92 98 24 48 27 41 92 28 38 11 18 91 66 35 11 3 42 100 75 100 64 36 40 5 55 89 77 43 2 75 93 37 94 86 96 96 91 51 77 8 40 5 92 62 58 58 69 100 5 35 84 35 46 88 71 5 28 65 20 70 46 46 90 3 27 14 47 42 66 15 86 27 27 53 77 72 60 15 51 83 21 39 16 27 68 41 11 78 56 87 82 99 86 28 70 31 37 56 9 23 50 32 66 40 49 94 24 63 43 79 6 77 9 81 32 26 86 54 14 18 15 4 1 25 82 14 78 79 34 49 23 15 36 90 44 18 57 68 3 80 4 38 2 82 35 90 31 1 60 95 97 25 20 5 29 1 29 49 17 88 44 40 59 64 10 99 17 47 41 31 15 54 11 88 2 3 94 73 81 67 75 28 16 66 9 10 40 72 8 81 72 58 20 29 20 65 92 98 13 98 43 54 29 14 86 31 30 83 59 38 88 23 78 14 49 99 84 49 80 62 13 6 63 69 70 4 98 49 31 84 12 44 94 18 18 60 83 76 57 34 11 45 73 54 69 99 78 93 28 48 14 25 21 66 25 3 55 48 3 70 66 77 38 54 75 85 20 100 89 52 8 41 93 100 100 48 62 63 93 56 13 50 85 80 88 97 92 44 59 58 98 42 36 19 80 85 38 90 53 46 31 29 20 39 5 29 99 89 80 60 93 18 37 9 35 91 42 1 100 68 3 18 21 68 74 93 76 90 83 77 89 94 38 57 72 88 69 60 29 76 10 20 100 27 44 49 57 76 66 23 51 16 62 61 22 54 81 54 3 15 7 79 8 34 27 9 4 69 56 55 9 86 32 72 55 68 4 97 2 33 86 76 47 79 99 41 62 76 78 5 50 54 18 23 93 78 20 26 56 96 1 77 55 96 90 51 76 22 46 75 60 95 45 71 21 90 53 87 94 78 83 16 98 39 94 34 32 34 46 90 3 70 95 97 48 81 88 75 86 29 93 72 41 16 41 77 9 59 8 36 83 6 35 58 82 91 15 48 83 71 1 50 58 7 38 9 52 36 89 51 32 18 36 72 18 85 96 31 61 79 64 10 68 20 34 35 16 29 86 41 68 8 12 12 98 23 85 74 86 4 64 95 19 67 43 30 45 47 99 40 52 41 98 22 97 30 14 42 38 98 63 82 34 18 33 92 23 40 6 69 91 90 33 20 49 13 42 22 77 33 30 16 10 53 50 5 97 98 5 21 4 40 6 43 63 80 74 75 3 92 23 98 61 16 19 79 37 94 15 39 83 83 5 45 48 83 52 71 16 25 34 7 64 16 13 77 80 33 66 61 82 15 77 18 43 12 80 29 93 74 1 11 99 45 100 61 79 17 19 37 45 80 53 80 31 60 5 79 25 15 60 2 86 74 50 9 36 49 16 28 68 38 74 7 47 84 63 1 42 79 48 39 60 35 45 64 17 11 94 25 83 59 7 27 17 55 1 4 67 64 34 49 4 95 74 24 6 59 94 63 76 49 92 83 68 78 87 66 60 28 35 53 11 40 73 80 38 50 80 38 54 51 46 19 1 59 94 20 52 5 2 87 41 11 57 65 35 34 47 62 30 14 23 74 26 47 1 71 84 52 90 45 38 19 39 36 40 56 5 69 11 77 91 44 61 9 58 5 77 45 16 92 72 74 50 82 95 82 39 32 67 57 50 41 36 39 59 92 68 65 53 84 70 75 77 54 93 95 77 46 47 17 5 67 31 95 20 52 80 20 19 5 27 72 86 80 10 64 6 23 38 80 8 24 31 67 17 62 53 51 66 27 7 23 45 30 9 9 11 49 43 13 26 44 5 79 62 39 72 15 94 86 76 58 88 96 55 22 100 44 2 60 28 98 69 22 28 61 89 86 8 4 58 11 87 32 87 95 71 15 14 29 90 34 72 91 43
24
